009000000517094280206075439690000302003040090058002104000201000030460527000000900
001900006700040900809001740007024360000730002235000000583402097000090800094807030
801030405300000290097004008702850000000009730960073500200640901408700020000000874
362087009009600000007095000081052700000409100004800905498710652000040007010006400
056080039900000400843006000000462001527003046061500000000209710009010620010047900
510009000080000201049200000000046109430920006600073408023084010067135040000000083
000009002020150309009200010705830001080471000103005080090010038208090174010040200
304090000180076094070000521691000400800714956000060000568430010040000780700020000
000002980800000067001758023160025300008610000040803010509400732030000056000530100
000980076870205000060701289500019302602403000003007458008500000100000720300100090
290305067740086200006002050000600000039450006087000040874003095001890002900500800
003000004005000108206008090000000506000574019000603870530042067890367450700050200
200040009000000300937000486452806000000417500000902000104008975000004001395071640
090130040030000050714905000100098600068020019500003004083050100070009460900401208
080000000640002005000516870760030109000009007920040508100000000804021906356904012
009240016620789350800060970000000200203010000900030105050491020060000590100056400
000007003078063200006009010090618020401000870860075391310700400080304000500000037
000001000300060201015490000190080060602005000850602034500870300081039027903026000
060080791081009032000300860000403000090006200706802000074030000800047026030218074
002139807090000000805004200050423670000501040200006000001342700024690080030015006
000036028010409300360102090030618000009357801006020070600040009703090000000760204
002367000000850900000040000500608000046029005080530600000406130090715240604093580
003080407006300008028075006801927600730050010962000085000000500045069000007504300
504270000630005208000803040057400000823700604010008700200030400060080325000620019
700356000080012007030009046900705630067098420020030079010983700003200081000000000
900465382600003000243000690809710453000000000050000710560030070100008000004250861
200030078308540009947020005000080094830000002420000780000210040070458903100090050
036190487801004200247030090600019000720360810000000350065000000082003604000400001
000070090018026000056100024005060017000753400207080000003040260004002050621095708
027893000060001000490000030670209000900000682350068009705900016100070090239016000
050002100400710095010058000005000000090000608638207504070069000904801050103470906
039080061000316007004700030490020100807005000652800094300508409000040056000063002
005006470800940500100070090000600903500104000006895004082050716000200005650710280
040670000063098002800024060402016070070052400305000010010037504004901003000405600
030006241100234000000071005304000150590002407001509600007160030040708000000420068
060009080000036490080700500700692014900518070008403005000327100840960230002000000
003006800000538070007010302900100208000090430100062005314600020070453180059070000
040750600300002700000390200080075030036809000095100000060234097003910500429007006
057001020109005600600708100090184560401000730205000000302050896000010073070300005
004003065067500090050096027025000083601900002000030014070010008842607000503800700
090050863518000000070200000486500109320408650000300084002600300001020075830100020
000381070030957280050000093045160830201030006080009000590010000000800720002076350
024098307000600005508000490070100200015000680000000050640901038050860020281430900
832641000000008000100930002000006098080029000079183000008704053000000940564392010
040000085030908426008004000300897002072401003904500017050080069080000570001000208
207050030400000000095607280602140300800020160000708490930405000720080500000970840
700651032302098510000300000001500800465023100820000050600030048504007900280000005
003010800040002735058006002400803090001009027000001040900028403514007000032060109
020309501105800000376050009000700004030405200508001030007503480050080070080210605
357400108006210907000000306000000090900000705034000680005900814100058073870140060
100603574008000006060070200603005400810700050000038700080007690946852300207010000
032010490000230087001900250200043800180000502506028739600301000009060000025070000
026000039983040701510000000000027145000081000760003900642009800070200093300004610
600107040047060308000003076061570080704380009500000000002638001903021060010900020
080000700006080345007000800814070603060008090020015487003001900600009170900804032
000508070020340810003207060001073026002004030079062000005439100004700090098020007
800940000070012904020060000050000003083429067467038090040093025500000619700200000
800200700760030082005700061500080126600000934020003000300024007050807240400050098
027000058500700064800014079060005002240000086905208003000001800004097600002053097
000400302002397860003502710900000003600803150038000470309050000007130020501040007
078903062604700953059024080000080370800065000040207008003540000006800500002090007
001800302000040060030961847700004006590708400300059278108000003000006000000413580
100008600206300187387001045005060491000000076072094800000240009701806020020000000
230514670746000010010600000059103020600900000320000791000021800502098000007405030
007400050000070403040093807000284500410700300208300004020906048680007030300108005
300006000601000029850000604190073085476890031000140900080001002060500093013000060
043760000080009100700040000205000003809302740304085010137006928508000060090800300
130005080024000139600134007800060725300000400700580003070620000013750040060300002
003568400000100500860700001500006040001000300906273815300084007008307100074050080
100703005635028097007405600000010006301240008840050001408030700000070000026980030
000740001604801007371060208800103975207008000009004080702000806500010000463007000
000060241100002800928400706590300080000094503007080069714000058050040600060500900
980010000000000050000005081009007210072050039030000407090500076853600104746200598
206400780501726903000103050000002400020040069100000002800000005000510394450030128
340050971085001406000000058009005810020300004100000039000003207012004603470680090
849500000076900300032081000400800090000304058060090700020030571600017030013450060
000038070000450003058007142090500700010743009200810004100000060086200010437081200
364001720200090301005700004023016005000050640050007000712000090036100400508903010
078039010001750603035806000800100026060300000004062308080400900150000800000685701
007000200068001570003200169020400700900875403000102980302700600609000300450006007
800513204100000508603080019035700006007060895000001372040009000000830400702040080
705030286100900000603702000200300048004000020308047001020013069400026507510000800
087030005060008000045002600791400800026780504400001020800000369000003040630894700
390080001054071000810000050400803076008726004600090800000000067162030480003405020
530100600000600000092483000003816504908070130000000072769005081020000350005098060
020580030805000207900600485362490708000700000004060002010005000200000514650049803
008400002043000109567102030034509800600300001089060340050820017390700000000005200
096705800420008060000601090600079042004500008030200000060030014500410600841050037
000000001007090805000500029040000000718039000695041038480006012501382064209050000
000547001500060790760010045050020000820000000037005802379050008480100076010002430
010005237000431806508020009000000091000308042020096703296840000000002960041500000
500407000276080150009000002400790801008210007607540000900602015003000009750930080
003001002007325008000487600084000060710053824020800307001000546070004203000030009
000000000736010002000506309190407803800300061073085294000008000351020086080030400
100624090007000000260705008600083052300001960009240300432000805000000620090050413
104020007072900106093000005200040000017090064500032800460000008008403590001075602
603007921090502004200069570020040800160300000000920100900000060516073402000600305
019070064070010235600008190964000058000504970007009640000000400840700010102305000
375600901000009070010800542006080004800200005001400060027160458000928000100750600
051000000097500480020870090008902700000187000170600520014720860205001007006000201
014000068000120905269004073706201089000090002020400050100900006002800700480032500
070406029906500438053000000007050000004810003530040070000904380300005206805020940
200509004050070003400030002030700906020948300090001025042085701305407008080020000
000009000056300201108002030235800600004060093090435000002506080500980100009703056
000530108000200043800007000670029405930050270405018036200000000004090010150063820
000000002800020300000009070248703059005490608001200743009300060027004831103600400
060125490050300000003008100375000001000004935409500000098260000031450089042080300
000706100560008090800504360302650408004080000008207050400000021080460030705010940
080030904730280000000000000010020300976350028200804090000743659690000003040690780
080000093070004500009006080058127904002030850706008100900482000000913008030700210
602017300351260400080034010030609000000040120020175009500000900800302001009401080
000001060000200000029058030281000495590000008000009601860400007052976043047800016
000836097000100240019542380560004071000670020001250068004000000100020000603400059
000030040370000051004015002008500709007006200200004560480652090000709435050040028
028003409075849030003620005000005004004006700000090302082010040040302980060980007
003064050549000300270508009800003200004000060600050401902405003005700008768009510
190408020200300040406090051800500100009820000004000685040902038052003017080740000
805006270040307000670508000000001020018905003567043908700000080401070602080002050
000053002030700041002000053359200180000695200020318000007406000980000560204030018
009061502000094800000000960080007050060850029002016008748500100036008075010600380
396840700050097000147002830200000960005900000970200405520080000000123000010605203
400300020571600000832095006195036000600078300780001060000010604907060000006820070
006901042000702038020430010704005000000103050605000200072008000403060091561340800
702090004094075100080600003006083090000107560000900431310060020000030810060710340
000093000000006030670208500930071000006024003804900006591000028340082069060000457
302750009000400800000090035038209700429000000050304920106030400093107000570986000
701860040803904670060073000000100527000409000100020498600007900017005200504200003
000100000805006190100405860050010000740803050003050000630080409098047002407060385
680057230300004006040200000172560490400000620069040070008620709704009000006400010
000041000500062174040580020309600080470090301005003049750038096930020000201000000
810726093000100008209050000001005069320004001006381250000000170052010800048067000
002050078806370051095610020460100297100060003200043000038000705600090800000007009
005230400034006020006905000400170360020000004307490251000000700502600040700329610
050006040000008006010040507009005201205001403400630850390010004146000005507960030
060708120010690000900010607000520030040960001302001050004079000209030700750246090
000003001040690000802014009501089000090507800000401007000870062035940178680000094
080501640056004003290367180000700300027003000308000900002070800810046700000038401
253170600009603070671008500700060943006000000500700106400006020908007000360040810
200000008804109276076004091900001700130900054460357000000605920000090800020003060
070040006000710800100690050210486570640025100008001002901260080300009061700000020
905418060030067900000032047009000405501000370000075000450001020060750030190040650
000742056000050080000819000850600400030004000142080300010268705004900632200005801
094000078050420900132009000500700060000064100300001850910000380003952710007308004
010600500590871063630250791340080070000000300076000918001002040003500000400918000
009027300000008420003090006800704003500083000307510894900000001000035907034270605
000090810060050004504037000047008500280003040000420000021509038078342000450106020
600000080408000009035002060001530000376908021050070693007609000283410000000703012
004500378001090020008760000903871260060030040510006037130600000006300090709080050
092004006000320008000060002680000040901078063005000987800090670006807039100630820
000904001500213800004050700750009080801526070000300005040091030670030192039000007
000008941004000630129640057008000405000870029502060003060000004300056018090080370
150006200080000000706082001030010720407065003600230400890000000000891362201000984
090308002300519687000000035400927500002000090907103004009700200053802100006090070
302900007508201000006578021001000080005410200009865403000000908003680002090304060
380000400721300905054178600102000890000290003093000000630402010000007004500609308
769500400302004090005090000008765040030000057400030089004006031800200064010308502
048007000070500409060840002000000605105690700080400900800063194029074050304000260
102069007870001900005704012316908070709030580000007000000010059007000400201005630
040800005070600102520034000160540970300008210000017000415200007080090456006070020
905010380000009061010400700209001830700300016000905020520000179000527600030100058
000350706650407001700006004040030618900071000106048003068200100000004082270010400
300042700000009040000600809000791000902006517100500900010070250509060071764210300
006120050938000001000003690059008130300291000800357000000070500680014070792035000
013050020040200008620380001400091387009003600000008009500002800790005160030100745
004081690000000108000609304503490060002836047460715900005070400100500000006000703
790503008506701920000062030460097200000030000300020109000209001804300090009074306
000056170010000580500710000035904200109508064704162005201640090806005020000000000
720010000006070310100080700200100907000020108071498032403009801000030004582041000
030610008002059400100008067090107043041000000678043105000960080500024010004800020
010004900056100043040008051804950730003046000065080010092307085000000020030820600
000102978097306000100709560050601000080000000010408730000213457001800302500000806
098070003007053480000820791000097510080000004509040030850700000900604075104030002
104300000623008900900000301400050006700182030200006809501000080006800094840601570
900050000605008091100090265790000100001070084000409503402360009309807010000920030
003004890070020004209051070301087060700900000005003000904016030637000150152708000
810030740023079650690001000900027000030900087704010062000004020509000104100706090
163000920000012650500080730005004007070859003940173082050400000000705200490030000
000000400040001070800006930901623700360710009702050300420007100617090200009080607
001000670006000040040890031000000025603028400020410300364200810050900064000684250
300041826000030410501286703209000000006720100708360004065000902004005001170000000
000002010900607030000054060007520980380740052095800000872430000060090007010006348
700059200200030000000402500910040305050003080000100964048200059071098040609500013
060700100038450027071008005790103058000004093000590000009000500645200031800015900
800300069000067003090814000500029080021078035678030000130080502082045000000290000
002000146000000005400600370035740010640800500271906000704000051080105064006009780
958000000460032000201050096506090102803001670100206000094000761015070000700010005
490230078800600031213800604000100002000452807002706000004318005000500400751000000
010830600604090000000560200003080920080009004000240803036008402821056370047020000
000321060020000009300069000070450000084012503650000800061005900709004605048090327
001007506050920870048030000000194700070002003000670190003709201007310060900008307
040007069006000400009000000203904051000800602108360074002790140017030000905006287
054218360300470051600593080010650870800000000060381000070860010006700000280000007
002000854603080070804092000310048705007065000508700040030000000780021503000870109
900010320002900050050732104800100400017000500540007081401003205003040000095870003
780092000000005400020701030910006007000040021034210908000178500807000004301920780
010008039075010824000400000106000000009020185008100006092030471300200008081709062
900008400000307809005094003000100000042089701301742608210005000800000317003071500
004008030013060800060920051270300900000000126050680000302006710600037590005104200
849031060006000210320050400000000690002308070567902800075416308003500000200003000
050400000073002064004080523061290380200030010005078290900000700000067902000820031
605000070789050012314087506007000000000000749956071000273000900568109000000008050
140070300600204000007000608481002000090047200732506004079065080064000005000023460
180009000200703900039001700800000000003020508405896203300970100648002009700630800
008071259007090001100050730620004105001000002000100064476200590503040028900000400
800001000060079000002030160980400217507090003401807005670005480000960001015004030
000004002203058091007300086009002148002007000065483900650209870900000503034000000
000000956902405008070000004003900105000000043014200697605320400320046500080007302
041030020000060000000200160217056043850000097069700015520300070730601000108500030
560008047080504630700360000800740009040600208600803450900450010000007900000906580
008006572532170960000000130004067050960050700000200346601090000007000000250403017
900140002003529600700800901000675009670000500010082036000200470805000290240000068
400000360086450090300061047000704500103020070000018000630107900090002036512300080
056470030180000706000010509600300015073000002500609378030000900419700060000004187
024581709503064010910307004006109020005000000007253480300010000050700002060092000
160040200400008010708001040082000037070800064046900802014000300207130006003560700
607500004002004016300001000004000079160000203270813045050026000703405900006009702
890001650000530040043080019300426105100005060050810004430008071000000430610000002
000320158201600470000071063005049001602150000074000085000010004009800010506007032
003200168080340700702600050007400820420009031300020974805700210000000300100950000
040800901070006853000010624190062030000000046804730102600000000503070019020081007
093008040000925603062041090020090076041800950007050310070530120050206000000010000
009007100162000050084521306038002470040060900507480600070000219000009000020150800
087091420026540008003072500200000700830007000600108000040039602002005300390206007
700901380000746010001028000200090004864035971900000028570100800006003009009002060
010083059003000004002459000600095400489032016200104900040028100156040008000000005
070800009609000005208051000310090248406020000000300007704010090195270680000069570
009006040260900503080302069510089326006001080023050910090000004000007000107803002
720185004800000170164007008200400000300609005007800400002030000583001600601020543
007006000080315002501970040905008710000530090070200080700020000109603800302780054
750000600000800030003596827000600010480700000601040702070960051900250040825400900
019430670004908000063000950000076190050084200127059000000501000405000701630027000
002040579005000134340000000459000006086034000701009020020357040004200900013096007
530021070000650304004070060000310200047080603002749050650800000718562000400030000
500006003040813750000507000300700640060090038081002900004005092008009360003260580
600324000500007306720569080102630095050001068900052043060000000009100500200900030
070010204405089000006050830608002093040178000052060418507601040000095007000000005
000000890068709005509000000025806000603004758004170000080000503007582100200640987
702040805041082097009150400186000500057004038300000062070060200000091086000005700
600140050020005000005000806002050001500423960300601005200000007138070049050984012
410600050002590100507001092201000007004108200800000006905000371130759008040200009
700200190002005000430810570500308069890650400000100050020001000305480206010500940
040092500627005840900040200050000090273906080006000000802473956500000701730500000
039260080070008000080000069950601807700080040048509600004006100017030096890000450
500290708070000000600504090005017009000800400903420810350002000401953670090708500
009700050046003010008004060090405083001300900250108006070001000130680002962040830
020560000090000042000302800750009420980400061146080003030905000471020905009001080
100050004678100200900007300507010000204005100016400000450609730000340605800072940
500064008900120307081900400408000760090000580003087209126040900300092001040001000
070200053000306009036009000090400508510023090040895130001000007087902410409080000
000061200208000369704000010006028403490300000000400001000503102901600830085190074
030905208728041006560000000000020009200008410900003625000410850106802030850000004
405020036030040001021000058073009562090060010002301000000900243000500007019274005
086302000070500000003901082607038240002007830008290010060850300000010076031000058
007519000000020080942068000000600074478000069500000802050871200804050001701403008
002000005718020040490801030806007003173000906000106000500204001301070590080510700
600341095083290400000007000800005040001002003020003908100004030307610509250039080
001500000208409070030002465376204901800050600020601030105000200000905004740020006
610720008200060000084100067070036090500800072403900080000582700042097005000001803
010005397500071020000300050051098634040053012600000009070006045005040978000000260
000506823000702090982000007650108070708009300239075008805060000300001002020000406
100080730507000040024100000018504067000308910290000080080050006000046020650219470
746930010800000000091602800610090000050104000420067050000070620274300009005081037
605200709380507102072690005090000070013009056006000008000050000904020081267030004
060004800001005020080970046978050000200638500000091080007500038850307419090100000
060004309872009000400600070038710900704020080609048130001200653200095700000000090
062059173000007500000001486800290000271605000059170000010000300720030650903500007
700045620000300005060217400106004003307160250000803906000098140400002007800400500
180900050604352000000184620710009064009046100003000082020091000500078000901500070
069000053080053000354269781508004090040000830000508004800037500000640370030000002
000701000003050009867309510185260007000000602002400000000632008930578041058100000
847000003500720108109003600378050000052030001900208006035060010700000060400580230
280700000500800190000210750030020000009486305008007009050602930103008624002000507
500760081000504030020389507400000005070900013600037840006201704007090100005000306
807600100900703860006080700270900080000002500605400310004800037708004650000537008
902000600000024001431000009003780495070209800806050700007000908089007300345000120
200075080100004000004002050320000175010067290007520368000040900073290006090050042
900804005705091000000305018070046032032009000540213007000460000390058064000900001
503010402280905001410200000005480003000009080760000240600590108809100304130060000
100020060000349000007168900000470020840250006271800003700500230020600105000082074
800000560510680320790020184000148000048563700605090400060000000400700956900000040
710456203920073041003209850000000700000008902500060180000090418390780000000640000
809403167006001000000000800608000050420018609015000030084006720900004506507300014
005800030000061852108207940273086004400002009500040000810609400050000090390005100
024300951050040020000200604012078300780096042406032500070010000000700410000020065
902006380000304000834102000000013502007048030000050008020000897000035601100029453
430070008001028003070403000100060030203700000500230017000900780804007659796002040
003600400006305000910004206500030790001000000300058102058760904609020005004589070
051700942240510687000004013010002700004170005900005461805200000100300094000000100
643710020000560030780400060400095200020040500009000601000076000237054900004931700
020185039900702050005000100501403082008079001000850900082040300059000006060508004
301008090005100004200063700900200005043506089800007006167045023400030000530000460
608590000940216000050000020400075080000008079002460530009700160700051203065930000
000075020370120900006000517000062100020800304691030080700600050104250000052003076
080407290009021040000503000002089105010035400003014068000070650800050010000906382
900107530052069874080000600430510000801030000600400309000001000516793408700600000
600130728500600043200000000007312000002509067009000802700846000000000470046791280
689207005007000300004081020002506010546100800000800600013008296000914030900302000
719340080065208970008050406000005000000690740106030009900060000000023094500079068
007056008090300100400010650030020800751008032200534716000803260073000000900000380
069010380040600209320000005900000006234970100070000020680029041012500000490030072
000501200005003000010480059060040830203005407070830006930650020806300940000024003
120040300704030251693010800000000600006803010002051038200180003507062004300000020
807060000000210000130000602000120079280075400000380056002600043008401907009750160
105206700000510002020800591900001024072300918003908000349000050000070800781005000
030008504004610003000030160800745201357026080002980006006070015090000028000850000
306102087091045200050600109039084700520000891600000420012400650080000002005000000
600520803500900160200600050004309008106850004020070005000080020012400509375200080
957120080004058960100430070000500800003207109509603007070000002205000010000072503
602094000000200967100000000809320004003109086016500039080700093037010600560900010
130050800800030527207400361973504010000709000010603908000302004080071030000000002
000709608000082034803064720627010540000025070000000000930850400784090005000001097
007015040800900000042000105500046012000002000704300600409207386308469520000130000
000000500008070642046209137204061703050000000301007080000718420480002000172500000
400098007002005098809000200020900801900020635000431020500040002090702064064009100
865910730010000080907000010270406950049100003308709600000072890090000320080300000
017000060200001007800074029782003600530000008906000013073940000000600030020537491
005063001080000030632000750000020905170000260200780003060030510910045326023100000
005009080768030500000807030002300890800006001604078050150002308906003000200105907
000920307301004080207006054620095040100037800000008600003002008800079532050000406
938564702005007000700008060009102000012936800003085900300001240100000050206800100
010040900900003500560801407406085000005030600030004010300400706829007000604300128
900502041300098270002003090048901063007035400000800905000300100005000630009206804
002050070003280000094000620045300890369815000087900053000060287000100530000520001
700010006000700802000025017370500000000480759090072360040608020600050008980201605
900607500306801942005000300032009000140305006060072109600040200000090010007010693
905020074000050890004790012400000100080000000009081257102370900098042000340019020
107000049024306000685009700000080406090203578876000000000102054010008020048900060
070410098000200006085073000009560742850007631020040000008000467003700800160000053
100670000900000035083091070540217360007400510200365000090106050300004009750008000
320010005450028016000900008694083070000400050015209603041832000000050300063000004
070001238200705010000080576030509080000008625000106300026000800580000063100067402
000043260000500407400000158507802300040005092010409600005604003901250006080007020
040937000605102800010005200006400085890560002704298003080009407000004000039016000
000100300000050006000720814730580400002900001010632908903015040067000100158400090
401050027602901005059400000304290100165000890208000070000500260500004700020069040
267001005490060800005200306901074003070038062008900000800020050350007040742000100
000804200080900706000603804037020008410005062009006070076040050105090600093001027
014658000270030158508002040050000000300127000082040000005000800803260570067004092
025890000000650019000001005706100000810930706493005000280000001930040070507019304
008000130630000000901070005043098706216300809780056000060019000302000090090632004
000890040700005180189472000003000400008164003000080020050700800407008305890040762
070004539408030060006107000105620003300005000800010402010300905000046018000790346
000300001408065003070001080160030000954072836023049050500017900001003060040200010
025070018006000004403080020500708060007004082140002790700000200060917803300045100
000086042602090780810074050279060001084000000000000278900130804001950307000007900
509002687000086020260790301806000003000007040020609000053070890400900735007450000
002945307007000000309000045000001090703069028604003701001697000006100072078300500
050000120179506400600013000016000004000007800047100650708061005004750001031290700
108945006209800000000207094002000635007050480600308009001030907700000058500701003
500700408400050002089006007905080001008012039312000085090000826230800000006400190
510074830079610402000508000030081069000000080698000204906032000300100600000096025
800037001100052708790081032040100200600523000000009000050006027920070304310200050
641800000390600480020007000003002198410780350908060007200108560000034802100000000
030800009150094602900062000040185230020900045000003961010728300060000008000001074
600100350700020800508000940870009036003700080090080020260804093340956000080270000
007430069005060008610090704000000000009070001521040390000004070068257413704000580
093040000000809400840325017000001059085973064000050002432000001600137000000060093
480300051700001020091082007000700609960250000100940080003600500609120830000039010
040010030800000600739004012524006070070400000000302150053021006007009325602003001
305090700901500300702410900030201479290007000007084200870040003020130000400020090
510700093006050100280603574140070900005046000600009007007080005800490001050260300
050607300000900507800030046002450001003260400000703000020000104367090850410820603
020000908050007000300001007165049023400320000030000090200073085073012060018094370
006009040001625738000007091607030054200500000590060000152403009063908005009200000
050700010708000305491008270920800100000602000006090802074200009300576420002000680
004503900030400000082006000000730096003692015200000000670001020329007600001269783
058006037000803500300579040000704013003092065200000400000900670040000982870260004
000010743107054009042000000905070410004000638003000975459020006060940000001560090
000200004527090108640300270204710089010000407700004310008540003003100020000600501
058649027004000001006002040020016000000297100000000570900760205037920406862000700
080000716674003002000005080000020050802051907005900820300547200006000438020800075
195682430003500008020340000500006712710904006008071090070400009000008203080090000
310200070009401035008060094005070600100006700670014020437000051000035400090040380
009040328060003000040500001030460000290080500450329160070804000100006700980172030
000750000530106280460000105970068403052000001800000060016380020200605308000400706
609053480300002007000000060006700031291000700037091006083010624060008000052304070
020518070086000010159647080268009500500401026010200000005090300970000000001704090
000019000508207941009050080001400020740005038680000400204108503000002860800500210
500000326400006700069000400805000000607801903934602170700160200100004060006007504
003240908000100004080030600540012000000005000092700045417829000320050710600371400
008302906003456801200800734012080000097200008506009070000000263000038090000905100
000702063963000000270010459590870004346009100000300900030185007020007000084006001
040001000095627000007053061500004700000002410000780230600200050002005308851300672
901876304000003002305920701089000100000100940047060800090700500000040009618205400
000010798120090365057000402000004637003100000070020150039700800082000570015830000
006003000030082517000400008200801036003259080140000002392070040015006800060130090
000000013040530090090007250805264001914300802207900004309780005000400600070050009
000007009082300507010004063957800010430000208021009300164570930000100000570006080
002000009030020451005360082000090600709680000361007290100000520200900007856200904
907000001000071000030090075080607910500300780270910400720100640065030100009204500
060080000700469102019203000600040900845002637001000000057800360090700500306091400
000604009976000000000980716002300001800010030010026005040790160089401200651030090
006020050830405070012763840000306010100980000003201900097504000608102030000000204
805906721006208300904003065000000206080302000060075140070001058000600410002009030
500000640210000000640803015000000000976085023020470800091006030405310079302900060
000729103912000540300100280000090026700030008020401705600500000400600800073948050
000907000380000904090200050600000009039820000071006082952008003064312008010509240
300060020008217000010003009000790304000628751000045096400109062009080000102506900
030200005567000000008017360203170604006300890001005730810030900300040006090750010
029000845075000963860059000001040602280091574000000010630002091008000200902000030
004900200193072500020030609200810400400007305807005001012580094000049002000720000
000070100010000050000210739237081400090063000046720803020607304870940000004008020
506092010209001650300500700160900070050036082008070160632047000014000000000010806
080064070090320418400091050120000000853006290600270183900040001000000009208009600
630005070180700930000030450960074000470021000012803704006258100040000890000009600
821563794009004200004070851000300900003697005500000076005000000907400020002701040
301065090000190506000080700000601040009300105065000307082506910003910800000800652
245030070900020100073090650090502000030400085580310004020000069009068001800043020
790006403000000690003050010306890040074003850958004000517900236000000000009267001
005001000400700000930042010063259004570300090000800503210000700058420060047195080
829001604006020781500000009601050300080016005904070106160005040490200010000140000
700050000000370009000094056600019200170420068300800010237580004940206070501000800
500000001406003809109208040904060102003710058005320400050900083040000200098000504
000460020001000064200905310049103802072690030305020090020010900080000007093082040
710300940090000350830000100580009400006810070021400000009784002250100090070590801
008000605006090172010000804300000260005610007009040000603021400074050023002034716
013480500007050310009103487050000900731020008000670200060390045090000003070010860
007200094283000500940070030500162009100000650006308000000086945009500372000903100
008500610000472090003681752010060509070100083040800100084706000030005060600018000
508074206000058009297000000030840620000593708000020003069730000800012005052600010
003200000007004200000678100000700000020006547804010902065800400040351009102409758
000090540059004381008000900015076400206089000070402608000803060000657030002901800
002300690650007400000486000038194205210058070065070009000840000120069000000000526
072001405003070090000008070005706941930500080000809020307905060658027009000100050
007653900310970082940800370030500020000030056008100000703006109090041008004000207
097001200010042009038700000780020960040900380309018000070000015163050090054006700
007008400924756138006940275000300000701600002068500007100009704000015000040800010
500120063004009000360800090000061900003090046000008020010006230006940157700013689
408359072000800000002040130060570820020000340580490001340605200000014583000007000
206070010070000026140006009000004900015290403790600002007409800480732600600805000
620007453030050096004000001100000942060090507000002610000020005586003704207005380
000080010810004605007300982050608030780293056000000100500100863000869040060007090
005309000049085030060400920930010500824053070157804300000108000000047063002030000
600300412000000060031040907900030600050089270040700800090070006260001740018026390
017000890049107023500000714006004000001600070923008001200060480000809000000245367
050682003006000000010003087901406802063020401824009370200004915100000000000200708
203507009090430502000280407409050000602100305501700068000901000007340000000865020
000347605000000740070000921058600390200070100040130050492001000003260070065400802
050300410049056230060040007500700380300000000001083954008900045435000000927410000
534602008002000030906308200005030094003020100007405302059041000048906021600000000
109000007065087000000900056670890000004006200308750004000501409001009300093268705
005007009827000061000001502003610000540370600901200705200900100100780043000152090
001060500064100230007300000102607908700804020400000703009003072070006350540270080
210050407000007560560040000080002930726039005095004270000000300002410000104300652
030009081000200637000630005000502000051304070004017563165900700000000000023106954
007800004059020008380970020020739001930100060005402030600007050572018400090000002
208003065309060104470500009000130000907005400030000600683007000091046370700309006
100702530703080400400000010018300000000610800604879301040090203000036700370208009
003000702057000600001060089520000190100302050839000200412950300090000416060471000
080702001000000025057104068531976000600200390090043000124300000005407013070020000
500830602030621507102900000000362480008040003203708005300200104005100006780000000
010009004600007020740010360300090015108405900090031800000024657906750000400000093
006007318071083000000000075000045023300060000948302006010700584000010602004530790
006237100130000006002600000081000049004061807793800012000106000065090200309508060
409006000070042000003800472092300050000905083315028000954163007000080060001007030
015020000030016002200050907043201500600005201020030890000000325008500169150003008
010500039807023540600480700074030900050010064000045078501007003700004600040800200
000006000007230001150080060890024007001609458600000239300010590008940026040002080
100009065978030104000000930005000000060497000007502410420000870703040609500708340
003604298008003017670008000092806050000300900301500402020705041430100805010000000
060700028704000000008005067800070040970006030016250070080509600043060980600008753
940273506000000402752408090506030001030700050007050000000320065060007234020605000
000354090506900400090008305800040203000000009029700800900087061780005902050190048
008074615760800000300910000500000032830150700010007500000543279200008000070290380
020930400031600000890000037060000100000862090049173856010040005405706010602010000
873200951000800200020091800007000000060000100409576082982603000700910503130000090
502781300800924000700350080000090740054608200030012806200040010005167000000200070
000503080300060712000021003000410820060008170008000095004690231090000507270350008
642980000503002000070600000006000054400000970009050826030000700280043609960871043
000400006504000000619072030062000047005700080008641000450008701701500003283100405
000807023003009004860324005600982000080071000702430050054760200206008000000005930
920000738004030109000000000100000600000160380396007201417095003639070000258004070
700860523600020000803510690208741900300000400000000217036050700580200000000976008
600479000000060038100500607410900000503607400097000001961040300370892000050130090
800000000050000897060490203109603000040000630380907000918304720000500006035172080
070030810840007300000860040005900427490152600300740001000070080250010006700208100
047050000905000060803010524000000008308000640002584090080203006700091852019800030
915023004002008509040500007804900006060304200003080001009800600200401000180600943
200080607004070520170250804060308102000000000009002756000600089040700301690000475
070000900491307008000240300080002700000003086930680205060000013000000407714508692
040005000235040800080260400007900103000100009610008754090600042500480907000519600
420800003000030240905407001000200890102000064084060002007650400200041030509300710
000203000759001600310000004023506000178020350045078000000040080090807060086032047
030209007200008350700653004000086005398000000005100003803065012051930000027000530
002005019600031048315800000201300700800017452746000000000400073570020000060173000
008000906090604012210307548037546001000900600001020000073000200602430000080700405
200957036005000000700328900602405000400200803001870060000004500007583604500600308
704053601600100200080002094000008000807010403090076150500031840908040700010090300
020300805600205000000009003091007256060100300405020087002600500750090001089514060
408209000095000003310600498103000080800320519500004602600400900200013006080000301
090000070700820400406100009509067801160340702307000006830000900900508610001090080
000700403056030100000051082010070000007185300000320018003807240082600009071040806
009650002003097006000240900901060200204030098300012064016309007500400809008000040
009610023721003800306208400500460300040800510030109040103004000000091684000000030
031760040020000057007300100200870069075400280190020000300280700002040005854010600
070601030008300002350200807023006900019750020540008061461000750080000190000007080
003067200000943000000120403080006907090758300020009610800300500035001829070000104
204180975080000040001470068800002701970810000100000054097308002532900000600020000
000700090059430060000502003570049008000805000408003156600001205820057400910000680
078030002300000010010608530006591048090280070200400003000370400843010700900006051
487130000053900460002450130910200080040615090006098500031800004070000000000040203
000090040500804000030612008000976850890203000000080009042109700908027400715000906
548030200300490801060805037201300640000000008094502703430000190006000300000240080
020000491090084070340029060002006805700502040450091020860000350000060000205048700
700080450400705000300410800001024000970000268002000090007100039096038701003097502
000200007073040051490007802000000060907062315000103900050070129000654700008021006
715809642400020000006000018030010480160207030087900000050002000079350800040700201
050060090000083451000000086500049100920518007080000940403200000002030574815007300
070203040006400009042500670700000096060005812000006004580002900021397008003050027
900006000021030864050274000180503007000807010000490500560008020200059038030710006
700000080301709000092645107609100203108000000070500801510000060230050008006200475
000270090200006004007815006820900300000508040005420810000189003640052001081040500
060030009037040100940020600386100000000300000000284503478050006000010085053862490
020517094500003007034900506900805023000460070076000008007201000102380000090754000
070690285090300060010580903000900002006700009050000840280035796000000030935006021
507000000016900020089347100700820461000001000004700203658190000402500600031600800
007300601020016070000057002004030500290504067600092843039040256000070300000000014
002600300000420908941008005060970540097800206010200097104000000079002050300007109
106007090342000058759003000897300120000060470060721005030176000000000800500004607
900240603004301900800967402000590308090004106006020540008402000000000030040870065
382000500004006730600000241100900370035000014009041050700238095420000080000400603
300000054082354706049000800007080140098043567000000300000000000061035080754098010
070392600800470000203000900700000590050004860008900072041530280507208000082160000
601009000003000549400035007108024070000000005500600034067002403000743062304980700
108509400009030702360100008030007850605908100840352000290060001083000065000000040
008700910000000068140006357086500000570040823010000070903400081060150090450090700
000000247030005106060410000301608905750940000980053410070062093500304000003080000
800040100300200075002003008003607500281030600605198000020000810004002050768001240
100830009020000000590002670070006950005270840002509703000064300057300096034008200
006070209302000006008005743020708400400961800100004090861007020700012008000500970
000063009067041003009000160900000240570000000603080091785000030394508610100390050
050084000391052080000306000407830200109020470230940100640500090908000500500400001
400276000009300006010400000198704360034060008050103047920000650307010004040600200
320015090080639500509002007805060009000403050000250103053080700002371000000504600
001800025923061084000007910007408001000300402004020090005902840040000007072643000
400003025090025071208000094007002003049830007002500410080010560700000009915004700
730000100506400009920370064070200390200000016000810247005603970007100002000907003
530870900000009070009002538310004006460010090007086400090008001681900003204000089
070650490500000007400070003040190060309006008600085934920030046004019025000400009
020090000058000000040875031035000412200301805814000367000763108000000004086002900
091000780000080041000030029810907402700020908400000010006000204100602853050470106
000604005000002000258000000590106082806025071410307000003260590004000003025493060
070000000198602007264107000003406108040900705009003264900000500006780003802009070
970085002825600004010420895450009020160003500200000408000070050000002640790560000
300009200050306890908000074093068000705920000000010080527600000039501620010200049
060005800310000005708090104137400000000302400400570316506040080000653740943000000
394270681000138004008004350000019000000000800745386200607001000000050100050702406
630020500000951603090300000000489075050010086487000100970034060203600000840270000
006152048000063050500000963014500680060298000080000005032800590079000806000019400
907000803630000020080143009520090087006870230000302090008405000000000741060710308
320009700070400010010700590257100046901007800003045070005932007700050100000070605
003000400450082709900436285000620800000057600640009003870000954000040000500900368
054306000987050300000000900060020489198405000470009051030008206029613008800000000
021400030000709100049530206000007000908610020037800690470152380100074000000060400
000504100000701009185062037761300504002600070540000060300000080059203040070096005
097000500204305087800009004000500071521800000000000095378602400042103600010900720
807403060021000740406500001963701008010380050048206007100000002030000074270008000
068704530030600904902000070580400709000270050000059100490001300020340095050060040
104005020080091037700040000350780900840563200607010800000607000200039700000128090
653000000201000008089072006008000060514007000007208510000724805830091007702083000
209135000030000059040607032020300605100006000905400813000001080014500006892703000
560008007304005020187000050000507001471890000900061478005006710000302680016000000
003200054002000080470380190057630000046020013320400060030800549009754000000010006
604200150310090600005700003043957061000004700700180004530821000009603200400000300
300025000175400090420700560500040000600050120730010900913070602807000010060130050
001800039498710206730590000580300004903000000000000378800000163320054000109008005
051030080020060000940010700406001000835090004100300560564000802080000003317028605
001000700080007040032084519020900073070000002049000060650000030807560294203001607
300080164504102783810040050900210000201850630085000040020000000007001308400020500
050006000300071008060090104000730000670000035090068400016857302230000080845100970
092154003030000100600200097006001000000806410409023076003602040500007038920005700
400000209015032760006040000028403105090500000750600000100004087500306010840210096
000450317000000605537061040300592000700046008024030050003000860850004703000300094
573091806004000730806073140780200904430900650000005308009000000000050003050028090
260387001008200034005004080000000305037010000526040008800609400750000806040072059
003120604007000800040008315209407000004861203108902457090080040000005001000700060
040580620000123000000007000006201490004768035000954286000015900490006000658000700
000200000901080000070645030100520370300906548060800000086000407019452000503700290
040193600007000000906080004079060051000004200480010070724301869090670002600240000
607000024509800061100907380008076502006400807050100649300000400001004050020005090
040300006083005040507406310400013095000000000018050037100678500002001003804032070
706003090892054130143789200005100000264000000018405600000008000009000485001002003
405600080320700009000023704690000530000102068180506407200087095000005200000061800
007001000302000050901005004034586000590002040008100035710003926800000003603219008
005420176002000008000090030051840300063000000278930604080063502039000000706009083
300740000095000410200000076070100692060000800020068705002030067007405109900870304
300605004000003006610800230004002680802710903001300000008031709106080000573006040
840000000057436082600070045290780450080050060000062009015609008000508000900300504
813925700006810000020000081400008170000264850350000624500007068200001900090000400
419863570000504960560090000070080059085600300201050000050000610000006805090070203
000003005600000700401058260004005007009417602130000900300580076900164320040300500
025080006730000000008300001503072400840009632009840007300025100004100720100407900
406500012013700489000004000190058003000217900200490000900041000071820500800900106
100800500200079400007004060029017000075906200061240000030651920500008006000403107
250140900079080015804000000040000008000094120060810503500739004603450870000200300
650020074041000003000005802000030726003972518070010309380000007020700400597600000
100093027047000560500060010480900150005210780070000000004089071036005008010002305
090000300010200089030950721100805490000040007009017008400100972370090800000570604
046805093900063100017000605000480006809600240000572800004200350503040078000000060
034800015270005006800000009000042703340680152000050090020030940000021008410060027
087601400009050000400907000004036100926000500100004280008040025602300918091800030
004000052610800970020607103860001207090078340040020005000290530000065001450080000
020006075060008320431570000100000068083001590905004013700080100300600000000140837
041000082900100000600020300830500060705008020000073500256047030008601240104302070
610008950002509300000032086004270090070010245026004000350097020097000060061000800
000020030020030079003008124009407356307050000560000000015840290400065803008090005
800203054040070003603040020060709400100834675000005019730000580900107000005306000
500800000080521000006070080092185630350467200600902701130048900005000000800050070
400567008270043000960021473030050700590008300020009010009380001086000030000604007
903401500105320000208509071006984002402050800007602014850000000700013000009040000
020980100001006095000100004940850306000720900057009401576000800030508000208603500
037000594050087060060004180900000430020306070000790215080002000010800643604150000
600020800080005007005819064590103000020056000100000073350001046901500302046070001
000005620603701000809032001402160050090004160000000004070010046005406390900570802
000360700100900530050400026300008002940013800800754093078030000600002378000070210
409801207000970306062500010600000102070000409210480065046790000007610800001030000
705000900360200750900740030296073500053080067000001029030000805080600070010037006
069700010800600007475120000003801004090076850000900070007080400300067105546019000
308005029000019000000030010001004053023080090007090460006008005742053900080942076
100000200764003500500087060421050700000291000003000000310809000247610080609030154
108279060402015300570083291004000109015740000600500000000034510001050000300000640
000062000010900004507038060009213400230604009400890602175020006020701500000000107
230100406580003100700004509070850001000000708802041903051008004608400390900030000
706001000425300000809050007278006400001700000004028100002190000903000614187060250
000800006706053400080094570005920607001347009807016200070060030000005064064000900
004629800390008521072305004040000002930000016001006300100900030450200080000051409
004608100900701400002000000693107002020000000000592316300079085750003091009805700
407000026900460070620071004075080010300016000000230009080000400500120067160047280
001340600300700008048962000800000062903806005056230000105620900030090006090083070
009701402000824000001059870905460000027500040380000096002300750570000609030000081
008503000052041080070080005006004050295130600803056009500060012920815360000000000
015040003020613054400709000294001000060592070700086090002900010003860009009000530
071030000408006010200078009060009070029010050000657021053401702002785600000000085
500074600000000001070060900020410006000680059006030028902043007780050300403897205
000003000080005306060781250820450000601800940903176500000060810400000600510900704
000410000201000000060000137023007950050004678870905300040030012380500009507090803
004300019300600820005041300003090647506000130200136900600502403050000090400008005
290008374003200650087406000060000030002715800005000927070009000359040002020070105
050027000030450872427039015000000060070503400010000097000090006300704280002060754
102800603807350000009000851074080100900540708000020000786030519005008307090000200
000007903390080025001930000903500006087400030050002008010650000405720600762841000
900071400070004013000500009300106054700309000041002390105007020009000537207900601
736008102510000830902000546100000720049072300027100050000000670400390080000046900
004839012018020000062000000280697054005018000009305020000400080020961007040580090
360010009200300506709860403000007004870046300904038060180000640000400108400001090
002010370080930002700002000600723010008096503239000060006200795054300006020600030
800600734001405860004038510000903027005100003070040000910084206500000000206310900
060070000000200007009600208016097302000382614820401000000000900097108426301020005
064000097005000010318000054000014006507296001006000970090031760051000009080960105
070041000201800730400270081000080000000300129504912000005408000000100952307009468
074019650829050010005080400902840000060002530050003089706008001080091740000700000
400070000010490026006130087504701900070050000082960053800000602060200870040603100
410090027005080900800740000180267005050010080379000010000874650040509030500006009
069100040010040203480700000020480015900067028840010070508274000000800702070003900
306020098008090300009700460200000810694008200780000046060010050910030004000546120
000508320007023001006941070000000043230400007790005000600039004140857009900000135
064090703027603019090708040070000050409170680000060400900010200042007000010082064
390124006062090013518730009600000040200000030740082090100205904050000000920073000
060952741009400050075000206004000900830009007096007010000200100951004680007005430
146000300908300761005961008010026080084509000007010603000198034009052000000003000
105060349090014000608020701060800003010070405003001070800497020006080134000100090
070000200100304005004070631002001050951806004030000010609403107503000000087010563
280009736003480002100030000095001800410020075000500601879200000540000097020900150
350168794900370000000054210000046000865210000007000082080603150000701300000485000
604003900020001780000080005290060300031820006005039072048506009006090007000378100
000800003400752000089000075523078100640000789000064502050000346000000050810536007
589030020032075180000020000304800060000009045050204970010790002006040000473180500
526084009000600300043010256002796000167200090900040000000000903000500182091003064
001540020740020803926008000003082079074001300098034000462000050350000006000260004
000083010604970008900600750000300000205810046160009007380090100401050060070036402
785000104029540708004270605096400000000010409012309000067000001000090580003004072
001800067729360000058900200040130700500000601910052043000293480004087000000016000
970300010020004069010600000132040806700080094089700001250800607000200030890067100
010500208650000019030009540020007054000320187000000902901600873380090601000001005
070600400104008000068940010410097806090060020026001050300004169000056203000309008
000000240000109780000007513129743050360008471004061000200000105006012804000050020
020601400030804002070500038063405701700090004400000080306007805000300210102050306
007480563000010480900065002005024970604971030170050200001000620003006057060000000
008040100740003009100625004504098301800400095000561087090370000375080000200009000
012643008600008000000020040005710039020800017160932800983060170070300000050070900
780293510690800342000500000000009035020000100007058409000980003030700200852304070
087905000205641000004807950006004090402100380970000020008090500023010000760008410
058000020073089540061530800600005000500704602140200008020071000010000204390400701
940086030058020076107390208803000050000000087090800300080109025709040000500060804
518640723000070814000102500782901045000020100000005000600750032004010008820000050
000034760100000050480050200730000610620040000518060302000420003840090100372510090
000043006095170800030280000560819420280000610019460085900004060103600000078000000
900008360085000017040120900000092000709001050150060000004079501000213648600005029
700080010106470000032010057005900700000007092079250080508060020061000074027000165
001408003300912046940000018007094000030006127600000000190680050000503791700040600
003020007879300050006709030080006743000070200060040009047030026020067890690002300
418002300060130800070900106080304000006510780305806004050000070600780900800401060
603745000000096003010082500004001308230900104106053900000010230000260000802004017
900010820000046059600302700090084103060030000000000980307008095800050617026109030
260100700708569001095700000900005316000000008604007920007603102000071000016200807
050200094060000102903841075090300048078002000006590010045100006002080050080075001
600030020740060000230789416504028003190000000380007054400100800950043000061000040
100600907906020000020090500500813600709000003030409052001000005085006790307001864
381090204070850603000300008628007009050000080700100006010200430540600802009400061
000432170402901006530080400003004027007090500250307600100800060780040203390000000
700083001006501004900000000092008750000000000801627340123079405070360080084002030
045100903130000000800000720000009078071004500284000310003007004427000056590641030
000000260576200000080007100710560309600030008004000025062450870000370490497100030
901000000003004009007190508006925047405610000008307000502409010060030080780560090
006809000100300529007040008930684170000000490070913006000700000059068040701400980
560084730900030000723150408036800900080400050000000040300700580870001020692000370
850200670603000084724030150007810000500006940000042710000029060060001030008463000
800090030009200085007500002231006040675901300000002700000618270000400010140029850
061870053090034100003021607070000030024060500018007940702000319400200005000005004
006500200020164300003070461070902605090630040300005900200001090640098000950300004
103702400400010307060008509305179002020400075000060940001000004509000001270030098
050000030000001000094380060519076240008900051046000980801495026903000070000600809
648010002317000008009000001000701000902004510170925300001006820526008079000007100
000910000400300159090054002804670200709001008031040007023008091040007300010023006
000209430005000020240380000001723800402098300300061000059840063700010900680002100
204918000891000400000007100102705360930200050600300907000870200008634009060002080
200013000453000001069000870046100300000687100581002060000250004604000019900461008
002019300040030500700804090170003069005106803008200451000005780200978000000361000
700000501590018000001000003000045600602800450954702010800450200023680005060020870
072090043000700096013006700061805024200060030400009501030010678100400059090003000
000003869000589012000100534400000000009617420200400106000001097816002005700064200
200009007500278340001035069150007600000610005694000002026000000070504000005726908
000002000037090428002800905060010203305024007209538004000000309500080700086900502
038609200047081000902403700270098401000000005180004000054907002000042000000865903
045070308010500027702600100409057231007300004000004900003000892090700045080005700
100000002000310507050002069040600000570000346816943000460005870900030001700106290
467800903000430260100509007040005010000604029093010000300056000950200000026943005
001070000483962000250040006004589002605030000308020700000310480006090120049000073
543780600060000400080450300704600905900240103000590040478000030601800274000000009
081040902040500610007010045000065080039001450000800200200100004716002500304056008
800060403056000780013700506001407062900100050708052341020010008000600000690004100
800160957305749810170000064000000109030001400090670520007000030000810005010050240
801090000004100680002084700940000800750000096008000037480056070010403008630918050
032040007709800140040010052501000000000758009407000065024170003370500001800030604
001504960250009000009170802000930410004718036100000000300800200792000005068250300
030500000800302740021000580048000030006050020100800005250010376009430002680720910
500039710736050004000400385000183007007906032048020009803004020900010073060000000
600004218328006090004080360030000900080007031900301850200608700096405120040000000
007000610000000804005008002000037000100050260308604050856913027023705180740200000
300000010950080000002406508090005006075001030000398250100857340530600070007910600
007006940003090600065040070076020008040730060092400750609302500000610300030800106
000084500018370000004002000057060934000803000640090002309657140061020305080100007
794635100560701049030049706005200403000008007000193502053000000041060000200080000
001026940000159038035870021000793200009001076003205080510000807002007090000000500
409761053030000000010008706000000405046000901100204037094302060800500072072006009
019403007080000015020560000060798053900035762003000000090002176035007084071000000
370000000000307405549821360903400100004502000000010046031060590400208000005109200
000407000987065200304000700100586000008249000659700400803000045020003080501870030
074100000000000070158709460890301024060008001700020009020960000081050340546000290
060700000040016000073052080602005070000000005758961042080504200007090460409000751
240001860371069020600200003800010030000097000000483000002046070700000306916370205
905428010482700300007000000503090070008000560001050804100500986300009702000602053
020317008004009006007450201005030000308605002009280400093160804700000100060098020
010000380000700900000090725407009200196002003002007060900026841084301002201940000
010050403960304701000090005070038209080710506000400000809000150007281060021000308
095003000367081000401000008180390007009000401206000090048070103053010802602000509
847090500062080300000100604324017000605429800780006002091060003030700090000000065
730061040040030056001840003407150602192006080000004790024510000000000500576000800
309100400106000002004000600000030900800951324403260157930010870040075000720090000
090001658000090017810000230903020700040009005070060301000900100720005083109682004
400000950257400000916037200600020478004008010790610300170000060000050801060093700
008000090000584720420000813702090530000042068086300047507109684000600000000058000
050013000109000006300906510006057980230000065508001200001000050903045072020608400
090600200100824009402000601250008016008002047704500023000406000007903000600207408
060001005000003206200000000400007800708400052006002094603870021892300000174020368
800030000030090520009051063005080230900002817001903040674020950000000006010409370
307456000680070005025890016030007800700205360000030040890010523100320000200000100
509012670360000401401000005000600900100000000906037140040860010005043800897005304
005862000008570610090301820500030006003900007000708340200100064050020198001000702
074809006000410709900007040001304080007108500000006000002600405090052800583941070
730102000402000003095003021600701050000920068000046100340007502007208400021050080
453008700060004020982600000071953064000040000349000580600700050010360400000082603
106000000005000008080291300740306501000400600603107809062913084070000900034002060
120658900300700105000000086000060240061020059075080603612405000000200561950000000
010600008629040003840100000200010006900260150030584290580002460460001005003400000
190000850582006000060008291000005039400060000275013608008039120000000085341080000
003054000085200036671000200040010560000027180000560073007005600060830090020790301
100087500023040010800250630070010309005963100000024006050430000000006200360072405
740060000056900371000875049038000000972000584001500900020700000387609450000004700
300900020002610008090002016508007103000590060619300700000470085907000640085020070
704000000051007203029010040000190800492000601300456900085001020006080310003920008
519000008280946350006001900050037010030009000004050203403000000960704000170063804
005006081040090002800500760003009148680100573450800000900305007530270000210000005
000000000149000800058460100002003960067002400390004208900250000270046390580037020
001028000000600050008531027065400009780000000094805236400083070800104300500200908
703080000800009760620000009279840600000210948040000000406028190000063004902004036
473002019009030000500009000907004203000308100801097005006500408704800036028000750
286095070007001248000020900500280600008906000003054800712309080300800009804000006
070000090063120504480070610000280709000600081010407005025810030009000058840039000
700060000096000050000107906009001008300040090260003417007600304004730809080024175
000500270793800004200094080020050000000680305537010008300105840012308900650009000
001937084643050000708016000070020000002009810000000097924080560030040008180592000
000030008659000700200679014500784920007006080000050100703400809040395007000067300
429361700000000600067500123000010070190470560672800009730000000900000007081704006
000250040009004020040906805007000080015407030830190007002701068701060200004000173
007000068090028357020060009301092000789000605005800003010000406072600081000109702
080106203000279008020380510745023900000490032003008000800932000000040305000001029
050710209720003100100402507800024390000070000040005801084000003060301002210807900
020000093008200071039476820002003000000045000000962580200008050000610000391024768
736000420050069100108402000274080090810000504500140070001095006680014005005000000
120006407089700005500030692000010008002403500300002040736008009010000800498060720
800000300070500901060097052000050620080019400037402008300008510056901080100230700
309700000060053070000019003600130002000060710712400009853604090000371408170000030
060010004497030608080046050500060301000521000710003000156390807043000100002004006
405006270206089000000040580500010627700603000000207005090470308000908042800025900
107800450000600007008005362500100076010260040020300900984026000070480600030901020
102060057005000900790100860960300004300206005000084013003600079809040020506000038
902130000756200000010050004231006709400800301807000500000402900029085000004960850
000080070800196000060027804180204009200000148003008200309060017010503980000900306
006020800050130204241000700002903100008260000163075020000750612000000308610002007
420000800000060907300000602070450326200000091065030400004075209002090105900120064
409260010000403790070081200900040000764508100032100040003070900000810603890000071
302189067470000810800000509000035000523000006107200308004028000015047600006500090
000843020080705306300010700002004867037106000840572000003008070090007500508200040
000801524000000060900000710005216403080054072043080001000168200500402000410005830
200000000783000524540037000100024700000780960000069002805002306004601207600390100
090050400438067090002300001360080000000673000007405060743020050019036008850700003
340015200090600140085090006003200000879500310200301800437056001000007400001040500
006002087385070200700869001830007526067200004090080710000045000200000970000020108
070020080060700003208060000300275001007690500590080200000000302752030100483052069
840000960759400100030980502590200004007054019200690005100000006906040058080000001
004007091061249508907105000000013286000084017030000000006050700203400005805720000
950000006007308000140269507060040075095017003070030068030006010004000600080190302
010650074760208090500304001420095006601030009090006007100060400000400060046580010
003009147040310600002650008009100000080040003036008904364290080501080020000401009
402039058800600120010802000008000010030540086506000940060405830000060700195000460
018000020005800400092300800304095168001208534856000000500030000000007010109052087
408000306350402098060800005580000000201609000074058601645007000710520089000004000
000047051250030490109256000780000000904600502000095184620009300570000000000168700
030029000002008069890006000705900326020567910100200000200600090900815040400002085
820000609170000048090460027600003000003000400740000001407286905210590703009030004
900025008082090004751004090010680509800050030095302800000230016300000025020000980
000025000026001080700600205179403028804012967205879300090087000002000000000006003
701002460402600003000400070037000085600020300009003624300080140045267000028004050
208010060000904308000280907400000076600400890839007002005006004104500039003840200
000400031104035060030176490800000020312000050900040800000754910500308000071009380
507236040100004002402000300008300010905400280001800050300140007010752430004080001
400800250098000010073010006004300001051004708807051492000700800089000145042000009
810367200230849006700002008003518060007200501500000000008005010004030802000904607
700800005008450009920017000814000300502040000009178042386504217000081000000000054
309007000805902004007680300000096008003158460000074000000500743510703092004800500
000300140005201000800000006100526930904003000350408001030050702087002010209104058
000046005080009061403008700000070008370251000020000573050090630007080219190600054
080000700009207016670059084000520600050861079000700030706300821004012050500000060
253406090800029000000080600008305024904000057500004861706042000002150006040008200
040000000806043200123008004007051309012097006000000010074605980360910500000702400
082000000569004370070605004000830001008402600030176000340020506200560840006700900
960000572852700300374100090600400715000600000400509230000850004030000007506900803
024100365009500400000003100678904200003062094000030608200307000080200030401089020
008059310701600008200000654100030200593026001000571430007000040046010082800060000
410000000906023800087060400000002680860000000293506000640039508009208076008005930
000040510030001900010605000500400790067852340140907005052030070800500102300290000
100304500083127640000850002000971000008030001307048090045080900000400807069000023
381705009794010080000004003076040350000052804058371000805000030000008092130000500
090000000008060050420075098762010000930820004180090570200640007000001600610789005
008039041204800059179002006780005062060080100002000003007610025826000000001020070
790060145001000000002490708040007050000800400015000870070540026506372014200006080
091370060700100903028400000007006090000750201542908300009540000280600430030020100
048092050205030809090458000082010000100009000034080007806005400003104090400800715
094602015800703002603045098380957000000400960902360000409006070000500009000209000
200860000948000657060070809397000080402000000810902500000000905039100000684295001
000900070700510002482300050059002003003807000217053096020639580008000160000000304
000030000068050010290070046514090200020000007670200100400010600180704935900063021
040500200001070603680020000004000006206310450053040700008060309702084105005230007
250100006600000000809006304003064815085007260000800003300000002001700098702485630
092030570078002900500000000046000108001000050809103260385016400000090085920005607
049000038600050297075080040060120409020900370000000002084000903950013804000008025
147003020800070914290001075009008000700000209500060400380205007000030080612700540
481060000620900700005401083000000310300006528010372000000610032000804070800205160
050082090802097605079365000000006023510030000008070000030058017701040052005020006
001025090080070602007030000060598071805010040010207500100082000750960028090300400
010930258078000039030801076302000000040003007000420015957002600403708000801500000
000000003060901250000005890007000061013000584600053000001320070476000032325760410
004800000800607952050200034003001705040702300760400209000020470370500000400376008
736402900850001043421030076070020000060508790190300080203000000017040050040600000
002950180000000304080020605103805740000400010974001008045009800700240039000006071
000900010310050000509102000050349076000001080673500090000273040230000851046805003
000300827000427060092050304200601470006705000079034051137060045000002000005000700
023054000500800020810000457070086040000002715000740036600208004040000160152000308
000084200079030080000900001080470003703201008950308002017020400098040027060010039
200360850004290100030000942305700090007509203900000400008010000169075304050900010
000070300380960070605003800006387091809004700730200080048032007000750000160009030
610405000080007065009000071400002700058000206000001309170008094905073000060904137
050003809000200070800104003108905436029800000040310000403072090900430005015009002
305002400168050902407006000802070005000030000546801300000007860081069040600100059
720004069090230400000500700400398200087605030003701600109000800006000520042870090
000410029000207608170090453087001390900700506006000104000008000264070000813600007
000000001800200650000639004013000980002040103670080540107500200200174390305802000
050000000080060400006470359825600000630750900040300160068107004302540081090000030
500000207007062080090007301906008010083274956005090002000480000800030009739620000
004000000300270495000540001100009024048027010607001930481900050005004080069000103
160005700037600952200400003604817020070306019510900000020040090000192080900000004
020706908009000020478520601840090705000200009057400000290000003086030000013074206
000008015005060004009520670040085901090010000003074000030859007950600100678040350
005008167006000820400672305000087609070100050208000003864000030000463500030800406
059801300070000240306040819047100920032700100000300000718650090060010080500200030
421006078030070009897500000003100000652000000000052680010680092000421000070395061
040027609007040001523061070000093006000800205000400007702030540059004162408005000
000001005059340108017690003000403850500009406003508020020850009941000500300000670
000049100000200054900070820093406008060001592150802643600005279000000080082007000
000010020501300678362050000000075061000160490106020000003200807207006049005480030
800300290096842000100607000002068430004709800980050000200001048078020010000983005
146027850000500000050804090000000380370050100891000540000006005002375468000401902
249000060806702009100009432900086004450020006760493825000008603000030200300000000
000608010510307000967120000803000460000930070720006031005003290000409706070060150
004007016019350742507000090000035970080200004095740001020593007900004030000070020
210560780700040132403700060106070000040009001000005070931080506050090200600100093
070921008500040000002300470050070960007539810008000035800000600030056207726000091
004062080012083000387590060846020307000007000030040120560409800001076005008000010
000012700410800090527000008050070000030000004800000370395701080170408025240009137
816000002053007860070608900039006005062140070007000640620073090740500000300060080
070000006020005700509724183905000860000802000206009071000540090600003500054296007
000045080027900050456380900240000000008000092003298005060509820030004069000071504
075080400348001006060700083400000009050369100100002050603008905080930710702005000
904001850081000003205098400140007000003049070097602301370006000420700695006000000
002000403634109000000042000000005090067800304409003506020708900908526031000034800
908000006070930100001005490800102050092000760407300081020840005304006002085207000
000009806402060971060310540000031207003020060700000100000002700500476300204083690
082070005695000072073000000820603000340007081007004906700060009001748003060309800
428000310051000090007001586002140003000003420003052109360009800200806005000034700
000000000002890054000760918350004000109280430020359060507430009000008540806900003
030000108600305200009701630000007060002000300006000042401936527020070810567200090
000910025040830070006070100020083009000050067000040010030007892710508004960320051
005309008670020103001806040400960001967130000080740030500000309000003650730600400
800060034052089701000000800280957006600031007090624300000108043000500070100040029
001070000076340890029100340004090080003000420090234170000709230060403050087000010
010860409090070800804030205900400607007200508000750920306905780000000052500300090
308604025070000610000080090400503900605009200700040531010430009042061050003050040
000000009007620004401005000010580293036710800582400061100230050360008000000004318
007060590003004800060000214001600400000900062080321900816470020400006709059280000
000000080450009071180057024700015806500006030064003095340920000000000460805060012
302590084060400001087210596508630027006000000000020060200000040653000900009062150
003000000605049100109080020060058307001030896390001000007894500850060200900025004
720040108006000094300008000090820001000401906154003800007010080500700609031006742
006000003000750460374000859008000210001000976000600008820460597510008030400900180
090000462600050390000020008800005934000902700900874605279010500010290070360040000
000009070000007532780201009537124900800006300604090050060002090320605710100000020
063850024804039010502004308009000036038000901040000502000400053326010000090080060
106030407007641080348702006000410809080060010400390000260000971000900608000000045
130004080008320005000001070324096007000700092060510400501060803942100750080400000
001020000840000000250864000520096300900002406406100072090007028605000003072018690
300800005005960000617050080050400172704200800281006300503190620400000001102030000
087620405490807000025390000800100000714035900003000120000013846000406019000002007
000900017080000000910050206003009004504076300806035090000741569400000072060592400
041060875002040301060018000000900517300170286010025040100000004008407009000290030
721069480085200000634000000040070030503908612000000000490850027050000096800002340
900504700008201009047938006530100800709002053080006000800025300300410005205003000
205030016003100740900080050000006005010090230000243090430050100102804503087300004
003200570087059140059004020040030000070092810300500002060000031031000690004060785
809327100057041800000098007508060700030059210900482030302005000080030000700000305
018563740047000006096704500065030100000000000001900253030078095000000010700691802
015708000000060120600002598309200084001089030002374900700020009024900000006800310
050300726016000940007080300000074100000000003170008000405210097900847035700960410
030509014096400200040186300065200700400008500300900000650000002980602070274000806
053004080760903000090010000540001800907408032080509741400000160805006000071000403
050002007010009326200470005602093054001650200000000700360000090400035008189006570
090600008000000712005010900046301500003500107509840306000150070600780001007290630
098510040004206007567049008050000004070000830103070000480000050901400002725830400
080009000000048091000601080350417908819000700207805600100080250795130000000900030
003000008009607142420108709901026403030400000000873000090000000048000097317280050
710000096000471000020800041030020080247000105090004627072100000003260008060058072
300061098476200001089050200820910006000523000000086005037049002240600000000170040
310075004040003509500084060000340100830769245020000930053400702400000000000006403
547000090860570214000468037094702000605090000702850100006005403001080006000000020
046079000300056009000102008980005100003980072004701080030600400062503000008407306
378006004960800007100720608030209800000300742000471003010090006089130400700000009
900004160036957204084001305000002603003840000007000058400600030058013900090005040
070290001068000035090000420004000000081030064627914000500429078000800502000057306
200307090609080024000062001002000913003019645910000208070024030000003400000708062
000009003140007082906800000369700804510084000004906730000060071600102540700003600
024703050906000030000000078591200004630000105040075000000362510160907800050018009
804670000002031064061400000480050006010340050350206408040000080700080001000960745
000000005704005060056402309009040587000279600017508900001000024530000006400801703
800002409400610800720080060206738105007000008000926040080067034000803200000205006
304180790009076002060904085000090800630000001000700200080007549403050607075001008
006071009509308607000000002245697030000035200638002000102780400003040098000000706
300000905075069001012300000203600400640900000001002058860040570000706019107008304
137062000002100000050080300000306009349008006561007803004250008010070005200843090
000102360100850009300090800074200983090004700236000001005609000423705600009000057
000600081000520390893010265058200000231069500960007000107985000000100750000400020
209000000050020010300090208000806107000041680000007304004573860063402070072600401
010300470380040901490802030730901004900070803000008060804000005103005600500006042
030000560700068040005000010907000605620705030308206100000654090009021000040087352
078000900120039800963000240600000009200607004000180607006070010001026703092041008
096000740005840600000700001200674900900200000003000260308050496700400008614390502
030900740900007608040031000007095100051000009390000000020803076403060810609710450
103275804020040500400000003674000009380006420012704380908020015030607000040000000
200009007700000035000702469801020300924060078030874002598047000000001704000090003
700004000040096003805102709600000000308200910091470602080000200200080401016029307
674000039300000040009030160768001400095800300000752000507010094046070810002000607
018274000060308470070160500620007045047905062000000003100700000006000087002590630
060003005048060910050020670430002701500347820000190000280000050005230000193080060
004137608600208090000040007400001000830700010210485000068903001300500070521804000
680000504030040000072508000000670300063800001000402750020314975040080600509067030
410000067500607082786000500005024600000000094874003000000000720267800001903712800
000640320450012007000050000290030006037200090540007002063004579020096410904000060
081300040090107003760090105009605007000900008600020014908031450400060070070548000
000801300480070001200400000062140005034702108010053000040319680020000940006204500
050061040070385109028040000049006070800000960360090584530600407000000000086700053
470050209905000004208000057003080765000100090000076320500403016309600070001007803
