349826751517394286286175439694518372123647895758932164975281643831469527462753918
341978526756243981829651743917524368468739152235186479583412697672395814194867235
821937465346581297597264318732856149185429736964173582273648951418795623659312874
362187549859634271147295836981352764275469183634871925498713652526948317713526498
156784239972351468843926157398462571527193846461578392684239715739815624215647983
512369874386457291749218365275846139438921756691573428923684517867135942154792683
571369842824157369639284715745836921982471653163925487496712538258693174317548296
324195867185276394976348521691583472832714956457962138568437219249651783713829645
475362981823149567691758423167925348358614279942873615519486732734291856286537194
231984576879265143465731289547819362682453917913627458798542631156398724324176895
298315467745986231316742958452679183139458726687231549874123695561894372923567814
183795624975426138246138795317289546628574319459613872531842967892367451764951283
281643759546789312937125486452836197869417523713952864124368975678594231395271648
895132746632847951714965382147598623368724519529613874483256197271389465956471238
587493621641872395239516874765238149418659237923147568192765483874321956356984712
739245816621789354845163972516978243283514769974632185357491628468327591192856437
145287963978163245236549718793618524451932876862475391319756482687324159524891637
768251493349768251215493786194387562632945178857612934526874319481539627973126845
362584791581769432947321865128473659493156287756892143274635918815947326639218574
462139857793258164815764239159423678376581942248976513681342795524697381937815426
974536128218479356365182497537618942429357861186924573652843719743291685891765234
952367418437851962168942753521678394346129875789534621275486139893715246614293587
593681427476392158128475936851927643734856219962143785219738564345269871687514392
584276931639145278172893546957462183823719654416358792298531467761984325345627819
794356812685412397132879546941725638367198425528634179216983754453267981879541263
917465382685923147243871695829716453731584926456392718568139274172648539394257861
215639478368547129947821635756182394831974562429365781593216847672458913184793256
536192487891574263247638195653819742724365819918247356465721938182953674379486521
432578196918426573756139824385264917169753482247981635593847261874612359621395748
527893461863451927491627538678249153914735682352168749745982316186374295239516874
857942163426713895319658742745186239291534678638297514572369481964821357183475926
739284561285316947164759238493627185817495623652831794326578419978142356541963872
295386471867941532143572698418627953529134867736895124382459716971268345654713289
241673958763598142859124367492316875176852439385749216618237594524961783937485621
738956241159234876462871395324687159596312487871549623287165934643798512915423768
463259781157836492289741563735692814924518376618473925596327148841965237372184659
593726814421538976687914352935147268762895431148362795314689527276453189859271643
942751683318462759657398241184675932236849175795123468561234897873916524429587316
857961324139245687624738159793184562461592738285673941312457896546819273978326415
294173865367582491158496327425761983631948572789235614976314258842657139513829746
294751863518936742673284591486572139329418657157369284742695318961823475835147926
429381675136957284758624193945162837271538946683749512597213468364895721812476359
124598367739642815568713492876159243315274689492386751647921538953867124281435976
832641579796258134145937682251476398483529761679183425918764253327815946564392817
149276385537918426628354791315897642872461953964523817453782169286139574791645238
267854931483291675195637284672149358849523167351768492938415726724386519516972843
798651432342798516156342789971564823465823197823179654617935248534287961289416375
293715864146982735758436912425873691381649527679251348967128453514397286832564179
824379561195846327376152849261738954739465218548921736617593482952684173483217695
357496128486213957291785346568371492912864735734529681625937814149658273873142569
129683574758429136364571289673195428812764953495238761581347692946852317237916845
832715496954236187761984253297543861183697542546128739678351924419862375325479618
426718539983542761517396284839627145254981376761453928642139857178265493395874612
638197245147265398295843176361579482724386519589412637472638951953721864816954723
482593716196287345537146829814972653765438291329615487243751968658329174971864532
946518273527346819813297564451873926682954731379162458765439182234781695198625347
815947236376812954924365871259671483183429567467538192648193725532784619791256348
843216759761935482295748361537489126618572934924163875389624517156897243472351698
427936158591782364836514279768345912243179586915268743679421835354897621182653497
756481392142397865893562714915674283674823159238915476329758641467139528581246937
178953462624718953359624781261489375837165294945237618793541826416872539582396147
461875392879342165235961847782134956596728431314659278148597623953286714627413589
159478632246359187387621945835762491914583276672194853568247319791836524423915768
238514679746289513915637284859173426671942358324856791493721865562398147187465932
837412956169875423542693817973284561416759382258361794725936148681547239394128675
329416857641758329857239614192673485476895231538142976985361742264587193713924568
943761582682539174751248639215674893869312745374985216137456928528193467496827351
137295684524876139689134257891463725352917468746582913475628391213759846968341572
193568472427139568865742931532816749781495326946273815319684257658327194274951683
194763825635128497287495613572819346361247958849356271418532769953674182726981534
985742361624831597371965248846123975257698413139574682712459836598316724463287159
375968241146732895928451736591376482682194573437285169714629358259843617863517924
985713642617824953324965781469387215172456839538192467291548376853679124746231598
236459781581726943947183256395862417728341569164975832813294675672518394459637128
346258971785931426291467358639745812827319564154826739568193247912574683473682195
849563217176942385532781946457826193291374658368195724924638571685217439713459862
942138576761452983358967142894526731615743829273819654129375468586294317437681295
364581729287694351195732864423816975871359642659247138712468593936125487548973216
678239415921754683435816279893147526562398147714562398386471952157923864249685731
197654238268931574543287169825493716916875423734162985382749651679518342451326897
879513264124697538653482719935728146217364895486951372348279651591836427762145983
795134286142968375683752194271395648954681723368247951827513469439826517516479832
287136495963548172145972683791425836326789514458361927814257369579613248632894751
396582741254371698817649253421853976938726514675194832549218367162937485783465129
537129648481657923692483715273816594948572136156934872769345281824761359315298467
726584931845913267931627485362491758189752346574368192418235679293876514657149823
918437652243658179567192438134579826625384791789261345456823917392716584871945263
196745823425398761387621495658179342214563978739284156962837514573412689841956237
956428371127693845834517629342865197718239456695741238483976512571382964269154783
293547681541268793768913245954826317826371954137495862379654128482139576615782439
614985237972431856538627419387254691169378542425196783296843175853712964741569328
531427698276389154849165732425793861398216547617548923984672315163854279752931486
843961752167325498592487631384172965719653824625849317231798546976514283458236179
519243678736819542428576319192467853845392761673185294264958137351724986987631425
183624597957318246264795138641983752328571964579246381432169875815437629796852413
154326987872954136693187425289641753317598264546732819465219378728463591931875642
653487921791532684248169573329741856167358249485926137934215768516873492872694315
519273864478916235623458197964127358381564972257839641735681429846792513192345786
375642981482519376619837542756381294843296715291475863927163458564928137138754629
851249376697513482423876195368952714542187639179634528914725863285361947736498251
514379268378126945269584173736251489845793612921468357153947826692815734487632591
178436529926571438453298761687352194294817653531649872712964385349785216865123947
263519874851274693479836152134752986526948317798361425942685731315497268687123549
327149865956378241148652937235897614784261593691435728472516389563984172819723456
742536198596281743813947652671329485938654271425718936289175364364892517157463829
574136982896527314312849576248763159735491628961285743459318267627954831183672495
867125493154379862923648157375892641286714935419536728798263514631457289542981376
249736185563128794817594362372659418654381279198247653436975821981462537725813946
582136974734289516169475832418927365976351428253864197821743659697518243345692781
685271493173894526249356781358127964412639857796548132961482375527913648834765219
642917358351268497987534216135629874796843125428175639513786942874392561269451783
438791562615243789729658134281367495596124378374589621863412957152976843947835216
245836197836197245719542386562384971498671523371259468954763812187925634623418759
915237846372468951864915372648523719537196284291874563483652197126789435759341628
628753419175849236493621875839275164254136798716498352982517643547362981361984527
183964752549271386276538149851643297324197865697852431912485673435716928768329514
195468723278351946436297851863574192519826374724139685647912538952683417381745269
835496271149327865672518394394781526218965743567243918723654189451879632986132457
491853672835762941672941853359274186148695237726318495517486329983127564264539718
879361542653294817421785963384927651167853429592416738748532196936148275215679384
396841752852397614147562839234758961685914327971236485523489176769123548418675293
469387125571642893832195746195236487624978351783451962258719634947563218316824579
356981742149752638827436915734625189298173456615894273972518364483267591561349827
732891654694375182581642973156483297943127568827956431318564729475239816269718345
125793684489156732673248591932671845756824913814935276591467328347582169268319457
312758649965423871847691235638219754429875163751364928186532497293147586574986312
751862349823914675469573812946138527278459136135726498682347951317695284594281763
364198527875236194129475863956714238741823956283659741632581479598347612417962385
681957234327814956945236187172563498453798621869142375538621749714389562296475813
623741958598362174147589623319674582472895361865213749754138296936427815281956437
814726593567139428239458617481275369325694781976381254693842175752913846148567932
312954678846372951795618324463185297187269543259743186938426715674591832521837469
975231486134786529286945137459172368821563974367498251613854792592617843748329615
753126948924758316618349527839475261265891473471632859392517684146283795587964132
463758129817692345925314687196527438548963271372481956634879512289135764751246893
769253481143698725852714639571389246496527813328461957914875362235946178687132594
783521649156894273294367185561789324927413568348652917432175896815946732679238451
253174698849653271671928534782561943136489752594732186415896327928317465367245819
291576348854139276376284591985461732137928654462357189718645923643792815529813467
879543216465712893132698457213486579647925138598371642951267384324859761786134925
975418263234567981618932547789326415521894376346175892453681729862759134197243658
398742156721356984465819273859623417637194528142587369913268745584971632276435891
694135278758426931132879645521783469879564123346291857915647382483952716267318594
714693582592871463638254791345189276189726354276435918951362847863547129427918635
459627318716358429283491576892764153541983762367512894975846231628135947134279685
732694815869251374514837296347918562285763149196425783621579438978342651453186927
692154387418367259735892164921536748376948521854271693147629835283415976569783412
694512378371498526258763419943871265867235941512946837135629784486357192729184653
792584316564321798318769452687953241921478563435216987843192675256847139179635824
382974561567213849914658723753149286891526374426387915245791638678435192139862457
653728941784591632129643857978312465436875129512469783861237594347956218295184376
159746238382159647746382591935418726427965813618237459893624175574891362261573984
695378412324519687178246935481927563532684791967153824849731256753862149216495378
312946857578231694946578321431792586685413279729865413264157938153689742897324165
386925471721364985954178632162543897875296143493781256638452719219837564547619328
769523418382614795145897326298765143631489257457132689524976831873251964916348572
948327516273516489561849372492781635135692748786435921857263194629174853314958267
132569847874321965965784312316958274749132586528647193483216759657893421291475638
649821735873659142521734689168542973357968214294317568415286397782193456936475821
975216384482739561316458792249671835758342916163985427524863179891527643637194258
814359726652487391739126854547932618983671245126548973468295137391764582275813469
398142765657839142241657839485791623932486517176523984813974256529368471764215398
476129358938546721521783694259468137367291845814357962143672589685914273792835416
813957426947216538625384971452691387189723654376548219561472893794835162238169745
734281695659347128281659374573492861912836547468715932325978416147563289896124753
792543618536781924148962537465197283921638475387425169673259841854316792219874356
342856179917423586568719342635974218129538764784162935251647893876395421493281657
729315486846972315135684729258163947394527168671498532463259871917836254582741693
437612958862759431159438267295187643341596872678243195723961584586324719914875326
218534967756192843349678251824951736173246598965783412492367185687415329531829674
635142978897356124142789563754631289389527641216498735968213457471865392523974816
698471253217953486345826791463297518781365924529148637856712349932684175174539862
154379268623518947987264351418953726769182435235746819591437682376825194842691573
927156348645238791183794265794583126531672984268419573472361859359847612816925437
513674892876329514249851673391287465768945321425163789984516237637492158152738946
815632749423879651697541238986427315231965487754318962378194526569283174142756893
163547928789312654524986731835264197271859463946173582657428319318795246492631875
193875462246931875875246931951623784364718529782459316428567193617394258539182647
981345672536172948247896531498763125613528497725419386364257819852931764179684253
397541826682937415541286793239154687456728139718369254865413972924875361173692548
634982715958617234721354869147523986386749152295861473872435691463198527519276348
784659231265731498193482576916847325452963187837125964348216759571398642629574813
564732189938451627271968345796123458152684793483597216319846572645279831827315964
817352469254967813396814257543629781921478635678531924139786542782145396465293178
392587146167234895458691372835742619649813527271956438724368951983175264516429783
958164237467932518231758496546397182823541679179286354394825761615479823782613945
496231578875649231213875694647183952139452867582796143964318725328567419751924386
712834695654792138398561247473685921285319764169247853536978412821456379947123586
495321768826547139317869452173458296984612573652973841261735984739284615548196327
291487536356921874748536912635194728179852643482673195563749281827315469914268357
841527369376189425529643718263974851794851632158362974682795143417238596935416287
754218369398476251621593784912654873835927146467381925573869412146732598289145637
192637854653184972874592631316248795947365218528719346231956487789421563465873129
974518326132964758658732194829156437317489562546327981481693275763245819295871643
783492165169835472425761839912586347578349621634217958246178593897653214351924786
214578639975316824863492517156987243739624185428153796692835471347261958581749362
936218475124357869785694123578163294642589731391742658217835946859426317463971582
524718639913465872867923451276341985438579126159682347392856714641237598785194263
849231765756894213321657489438175692192368574567942831975416328683529147214783956
652413879873952164194786523761294385289635417435178296926341758318567942547829631
625913874789654312314287596847392165132865749956471238273546981568139427491728653
148679352653284917927351648481932576596847231732516894279465183364198725815723469
187549632264783951539261784826315497913427568475896213352978146648152379791634825
368471259257693841194852736629384175741965382835127964476218593513749628982536417
853641729164279358792538164986453217527196843431827695679315482348962571215784936
816974352243658791597321486379562148482197635165483927651239874928746513734815269
148732956932465718576819234763984125259671843814253697695328471327146589481597362
641835729972164358385279164217956843853412697469783215526348971734691582198527436
563298147189574632724361895812745369345619278697823451938452716456187923271936584
418936572532178964796542138124367859963854721875219346641795283387621495259483617
956147382183529647724836951432675819678391524519482736391268475865714293247953168
421879365786453291359261847268734519143925678975618423634187952897542136512396784
956472831184593726327816549692387415873145692541629378738261954419758263265934187
624581739573964218918327564486179325235648971197253486342815697859736142761492853
169345278435278619728691543982456137571823964346917852614782395257139486893564721
617598324592374816348261597834652179165947283279813645951726438723485961486139752
897241653261539847543687219378426195124795368956813724432968571789152436615374982
967324158231685479458971263385749621692158347174263985823516794749832516516497832
543297168681345792792681453957413826426879531318526974865734219279168345134952687
246853971971246853358917624195462738732198546864735192617329485583674219429581367
593768241714925683862341795325194876641873952987652314476539128159286437238417569
359647182162398754784521396638912475241765938597483621475836219816279543923154867
587691423926543178413872596259364781831957264674128935148739652762485319395216847
742951386398746215651328497215897634864235971937614528573169842126483759489572163
714283659593671824862459371671895432489732516235164987947528163156347298328916745
571836429639742815248951736317695248486127953952384167764518392195273684823469571
739516248261948573485372169514789326976231485823654917698125734352467891147893652
729185364835264179164397258256473981348619725917852436492536817583741692671928543
297846531486315972531972648925468713814537296673291485758124369149653827362789154
758123694269874135143596827537682419482719563691345782374968251916257348825431976
219435678574968312863712954348276195956184237127359486792541863485693721631827549
162843579895672134347915862459728316286134795731569428928357641674281953513496287
536421978971658324284973165895316247147285693362749851653894712718562439429137586
517946823942813756836527419329758641765491238481632975674385192258179364193264587
618324957594817326723569481142638795357491268986752143465273819839146572271985634
879316254435289671126754839618542793943178526752963418587631942261495387394827165
372451896168729345549368271725836419613294758894175632486917523937582164251643987
732946815541382697869157423186239574257614938394578162978463251425791386613825749
697148253823765194415239876962857431571423968384691725249316587138572649756984312
419682753362597184587341692251936847694178235873425916925864371136759428748213569
756243198182975634439816572541328769893657421267194853924761385375489216618532947
341892567627315849985647213158734692273956184496128375812473956564289731739561428
139265784675498312482713569953641827761382945248579631324956178517834296896127453
534291768179386245628574193845617329712839456963425817357162984481953672296748531
319762458746853219528914367697425183481376925253198746875231694134689572962547831
827564319395178642614392857753619428982453761146287593238945176471826935569731284
132956874678134259945827316597213468284765193316498527451689732729341685863572941
532764198964128357781935426418259763297316584653487219126843975375692841849571632
974218653125346879836759241693471528518623794742895136261534987387962415459187362
539861247218754369764239518176928453492315786853476921647583192921647835385192674
431965278728341596569287341613524789275698413984173625397416852146852937852739164
485127936936845721721693458173489562598762314642351879857916243264538197319274685
186372594279584163453961782697138245512647839348295617764859321825413976931726458
387519426165324987942768315293685174478132569516947832659871243834256791721493658
632749815718325649495861237846957123173482956259136478567294381321678594984513762
672341895583296471914857362839175246461982753725463918198524637347618529256739184
461537829258469173937812465376284951819753642524691738195346287682975314743128596
615729438237468951984153267178236594596814372423975186361582749842397615759641823
416825397539471826287369451751298634948653712623714589872936145365142978194587263
471596823563782194982314567654138279718629345239475618845267931396841752127953486
169485732537962841824137659318594267746328915295671384482753196971846523653219478
746938512832715964591642873617593248358124796429867351183479625274356189965281437
645218739389547162172693845598162473713489256426375918831954627954726381267831594
369214875741865923582973146978452361214638597635791284127549638856327419493186752
165874329872139465493652871538716942714923586629548137941287653286395714357461298
462859173138467529597321486846293715271685934359174862615742398724938651983516247
738945621241386795965217438196524873387169254524873916653798142419652387872431569
182967453694352718375184629718239564259846137463715982827691345536478291941523876
269871453781453926354269781518324697942716835673598214826137549195642378437985162
529741863413856729867329514185263497374915682692487135741632958936578241258194376
847615923563729148129843675378156492652934781914278356235467819781392564496581237
281795463547863192396214758435129876729486315618537249854672931173958624962341587
593762481768514239124389567431826975872945613659137842386251794247693158915478326
847625193912743865356189724273951486481362579695478312524816937738294651169537248
952371684768924531431865279123786495574219863896453712617532948289147356345698127
239675481165834729784912653326489175518367294947521368852146937473298516691753842
913824675785691423624375918879546132132789546546213897251467389397158264468932751
593618472287945631416237895925486713341729586768351249674593128859172364132864957
194725368682349517537168942956473821843251796271896453768514239429637185315982674
823471569514689327796325184279148635148563792635297418362954871481732956957816243
718456293925873641463219857689124735147538962532967184276395418394781526851642379
859423167276891345341765892698237451423518679715649238184956723932174586567382914
625894731947361852138257946273986514461572389589143627812639475756418293394725168
824367951657941823139285674512478396783596142496132587975614238268753419341829765
912576384675384219834192765498613572257948136361257948523461897749835621186729453
432175968951628473678493125187569234243781596569234817315946782824317659796852341
783612459426395817915874236542136798891247563367958142158763924679421385234589671
351786942249513687786924513518462739634179825972835461895241376167358294423697158
643719825192568437785423169418695273326147598579382641951276384237854916864931752
627185439914732658835694127591463782348279561276851943182946375459327816763518294
371458692695172834284963751916284375743516289852397146167845923428639517539721468
628593714947216358351847926493175682516328479872469531239784165784651293165932847
918475623375126948246389517483762195527891364691534782739648251164257839852913476
385467291769821543421593876642789135918635427573214968234178659896352714157946382
964187532152369874387245691439512786871936245625478319243851967516793428798624153
694135728571628943283974651867312594432589167159467832725846319918253476346791285
689237145127495368354681729832576914546129873791843652413758296268914537975362481
719346285465218973328957416294785631853691742176432859931864527687523194542179368
317456928596382174428917653634721895751698432289534716145873269873269541962145387
569412387847653219321897465958241736234976158176385924683729541712564893495138672
398571264645293178712486359561749832283165497479832516934658721826317945157924683
125748369784936251693215847831427695456893712972651438269184573517362984348579126
827569314694213785135847692453126879286975431971384256712698543568431927349752168
195246783837519462624837591968751324572364918413928675349682157256173849781495236
631298574524617893978534162869745231357126489142983756486372915795461328213859647
346192587891745236257638149139284765524367891678951423912473658483516972765829314
691527843587943162243618957754369218136852794928174635469785321812436579375291486
957126384324758961186439275742591836863247159519683427478315692235964718691872543
672894351348251967195673842859326174723149586416587239281765493937418625564932718
136257849849136527257498361973584216628719453514623978795362184482971635361845792
412739658576182934893564721627918543348625179159473286931857462784296315265341897
937615248851924763642873195593746812186592437724381659419257386378469521265138974
723146598918375642546289137294861753857423916361957284639718425485692371172534869
456298317172365498839174256723956841941827635685431729517643982398712564264589173
865914732413267589927583416271436958649158273358729641134672895596841327782395164
317259864294861357865374129782193645531426978946785213173942586459618732628537491
795263481481597632632418759348621975179354268256789143864932517917845326523176894
325619784768234519491857632572341896839526471614978253157492368946783125283165947
584921367361754289297386154628195743149637825735248691473562918816479532952813476
938564712465217389721398465849172536512936874673485921397651248184729653256843197
713546982948273561562891437496185273185732649237964815351428796829617354674359128
986572341351498276472163598548921763197635482623847915864359127215784639739216854
812654379673289415594731628145372896369815742287946153951463287726198534438527961
728914536159736842436825917374569281261483759895172364547698123612357498983241675
924637581376851942815924367732169854149385726568472139691543278283796415457218693
915628374273154896864793512427965183581237469639481257152376948798542631346819725
137825649924376185685419732352781496491263578876594213769132854513648927248957361
672415398431289576985673124319568742854927631726341985598132467243756819167894253
125673984976842135483591276549217368637489512218365497894126753361754829752938641
328716495459328716176945238694583172732461859815279643541832967987654321263197584
475691238268735914319284576632549187941378625857126349726453891584912763193867452
158743269269581437473926158597862314346175892812439675725614983931258746684397521
248937156675142839913685274326471985891563742754298613182359467567824391439716528
276148359841359726395726814739581462682974531514632978923815647467293185158467293
431856927682971435759432618374298156165743892298615374943587261516324789827169543
267381495493765821185249376921674583574138962638952714819423657356817249742596138
961874235384952716752613894637129548418735962529486371276348159145297683893561427
914658237276439158538712946751896423349127685682345719425973861893261574167584392
125893467348657219679421835756182943812934756493765128284376591931548672567219384
478965132635421978921873465543298716216347859789156243864519327352784691197632584
536891247724635189189472536613259478278164953945387621352716894467928315891543762
271864539458239167936157824145628793329475681867913452614382975793546218582791346
692384571418765293375921684167538429954172836823649157536817942281493765749256318
925473618876521934413689527532798461697154382148362795751836249264917853389245176
795386142642591783813274659279865431184723596536419278957132864461958327328647915
549312687371586429268794351896145273135827946724639518653271894412968735987453162
162945387547832169389716245825471693713569428694283751251697834436158972978324516
453879126179526483682413597216985374395647812847132659728361945964758231531294768
178945326249863571365217894812479635937156482654328719481532967723694158596781243
523791468467358912189246357975683241648512739312974685794135826231869574856427193
512974836879613452463528971235481769741269583698357214956832147327145698184796325
862937541134652798795481632549168273671523489283749165458316927926875314317294856
641893725397625481825417639763542198412789356958361247239178564576934812184256973
236817459157394682984562713649185237321976845578243961415728396763459128892631574
624198357739425861518637942872549136153762489496381725267814593341956278985273614
287435169495761238613892754376129845849573621521648397152384976968257413734916582
193746825527819436846325917364281759285973164971654382432598671659137248718462593
482367951756491328391582467528713649964258173137946285813674592679125834245839716
246918537815237649739564812524186973371495268968372154453821796187649325692753481
345896712981572364762413958638251479294367581157984236879645123526139847413728695
514728693376954128289613574143872956795146832628539417967381245832495761451267389
954617328236948517871532946682459731793261485145783269528376194367194852419825673
721436958954287631386951247165749823497328516832165794249673185573812469618594372
376189542941625738825347691617832954238594176594761283152473869763918425489256317
253764918768129345491358276927835164845612793136497852674281539389576421512943687
164523978937418562582976134815734296743692815296185347678351429329847651451269783
958426137764813529321579846695784213483192765217635498532948671146357982879261354
596812743137654829842739561985376412714295638623481975459127386268943157371568294
381257964527496138649381275234715689816923457795864312168542793453179826972638541
158649327294873651376152948723516894485297163619384572941768235537921486862435719
583492716674183592291765384947328651832651947165974823318547269756219438429836175
195682437463517928827349651549836712712954386638271594371425869954168273286793145
314259876769481235258763194945372618182596743673814529437628951821935467596147382
519647328867213954342598671731465892296781543458329167673854219124936785985172436
128753649539146287467892135971268453652934871843517962716389524294675318385421796
679153482318642597425987163846725931291436758537891246783519624964278315152364879
324518679786923415159647283268379541593481726417265938845192367972836154631754892
426819375538267941179354682951483726742695138683721459264178593315942867897536214
571498326483526791269713485815379642627841953934652178748165239152934867396287514
173246958265198374984537621546912837731485296892763145417829563328654719659371482
148372956973456821265891734312587649497263518586149372859714263721638495634925187
451792863963458712278613459592871634346529178817364925639185247125947386784236591
346891527195627843287453961523914786768532419914786235639278154472165398851349672
921876354874513692365924781289457136536182947147369825492731568753648219618295473
346215798128497365957368412291584637563179284874623159439756821682941573715832946
586713429934682517721495368259841736673259184148367952392578641415926873867134295
758629413642531798193847256835264971914375862267918534329786145581493627476152389
345687129682391547719254863957832614436715298821469375164578932298143756573926481
472815369638729451915364782584192673729683145361547298197438526243956817856271934
947523861652871394138496275384657912591342786276918453723185649465739128819264537
264185793783469152519273846672348915845912637931657284157824369498736521326591478
138674529976152384425983716562349871894517632317826945243795168789461253651238497
476829351839415672512763849924356718165987423783241965297534186648192537351678294
835946721716258394924713865357194286481362579269875143673421958598637412142589637
538791642219564387647823915854632791976185423123479856791246538465318279382957164
584729163912386547367154289135897426746235918829461735698512374451673892273948651
245987631387165924196234857628753419439821765571496382952648173764312598813579246
357964128698217435214853679526791384943628751871345296435179862769482513182536947
139286475567493128428517369283179654756324891941865732815632947372941586694758213
129673845475218963863459127391745682286391574547826319634582791718934256952167438
674958213193672548528134679259813467461297385837465921312586794786349152945721836
369875142712394658485216739237581496198463275546729813921657384873942561654138927
546792318279381654381564729163928475457136982928475163632847591814659237795213846
381564972596327418472891356127983564853416297649275183935648721764152839218739645
634985271185742936729136458968574312473621589512893764396258147241367895857419623
821563794759814263364279851476385912213697485598142376145928637937456128682731549
321765498478193526596284731837651249249378165165429387782546913653912874914837652
245631978968725143173894652497582316631479285582316794324157869759268431816943527
795186423841372695263459718326895147174623859958714362517948236682531974439267581
725981436481763259936542817863259174572314698194876523219638745358427961647195382
829731654346529781517684239671452398283916475954873126162395847498267513735148962
719658342456372189823194756684719235175423968392865417237581694948236571561947823
587496321426153879139278645974865132263714958815329467652941783341587296798632514
738461529951238764264975318649153872872694135315827496427516983186349257593782641
712358946694271358835946127587629413346815279921437685169784532258163794473592861
428173695536498172917265834341587269285619347769342581693721458174856923852934716
613487592487259316529163487256831974731924658948675231162398745895746123374512869
657231894283649517941875236534162789128497653796358421312786945869514372475923168
728593614561472398493681752812367549976154283345829176184736925237945861659218437
518974236346258179297361854935847621621593748784126593169735482873412965452689317
413295876687134295259678134596742381321986547874513962965827413748351629132469758
321798546759264381468135927815376492246589713973412658597823164184657239632941875
842315697651927483397486152738194265219658374465273819576842931123569748984731526
872691435563274198194358672285736941931542786746819523317985264658427319429163857
827653914315974682946812375439568721271439856568127493753286149692741538184395267
497581236516342879238769154785423961641975382329618547972834615163257498854196723
357128469924756138816943275495372681731684592268591347183269754679415823542837916
589124763274639518361875492428361975153297846697458321915786234836942157742513689
418359672637821954952746138164573829729168345583492761341685297276914583895237416
256978314978341526143526789362154978815297463794683152527469831481732695639815247
629187453731254896854369271178536942462891537395472618943728165586913724217645389
925786314813924675647351982254618739781293456396475128579142863132869547468537291
715329486249685137368471925936712548824953671157864392673198254591247863482536719
679358412824917563531642987987234651356189274142765839495873126263591748718426395
317452896649187523582396714876914235451623978923578641235761489764839152198245367
759682143386147529412953687971436852563728491824519376237864915198375264645291738
243517689798436512165289437489653271672198345531724968326971854857342196914865723
921347685586912743374856921158624397239578164647139258492781536813265479765493812
852379416749156238163248597596724381384591672271683954618932745435867129927415863
534692718812754936976318245285137694463829157197465382759241863348976521621583479
139645827265187943847923156672894531954316278318752694726531489581479362493268715
615427389827593461394861572783615924542379618961248735278934156159786243436152897
321768594864195237957342816132657948796834125485921763619583472278416359543279681
218653497943287561567941823481572936726839145395164278859726314632415789174398652
536479281419258637872631495387562149651394872294817563165943728948725316723186954
267853914459621378381974625826739541934185267715462839648297153572318496193546782
218493765359768124476521839865134297927685413134972658683257941591846372742319586
169742538753981426482563917918325674537614892624879351845197263291436785376258149
683519742957824631241763589524687193176392854839145267412956378795238416368471925
986752431413689725257134968531976842648215397792843156124368579865497213379521684
579834612834621597162975348957362481618549723243718965396287154425193876781456239
213569784689347521745812369372698415168475932594231876831924657926753148457186293
496257318571483269832691475167945823325168947948372156613729584759814632284536791
946237158137485926852619473681372549524961837793854612278146395465793281319528764
429736518178542396563891472892374651746915283315628749954163827237489165681257934
415729683739816452286354917843291576697485231521637894964178325378542169152963748
412576839897123546635489712174638925958712364263945178581267493729354681346891257
482196375967235841153487962895324617231679458674851239326718594518943726749562183
134829765978635124652174938845316297261497583397582416426953871783241659519768342
153674298248953617679218534792846153584321976361597482926785341437169825815432769
369714528754682391128395467835971246972846135416253879287539614543167982691428753
941273586683519472752468193596832741238741659417956328179324865865197234324685917
278354196536921487194678325867549213415832679329716854943287561781465932652193748
928374615761825943354916827547689132839152764612437598186543279293768451475291386
526937481731684529894521637368459172157862394249173856913248765485796213672315948
873264951691835247524791836357182469268349175419576382982653714746918523135427698
562781394813924567749356182628593741154678239937412856276845913395167428481239675
127543689345869712986721453739415826562938174418276395854697231693182547271354968
642985137593712468871634592726198354458326971319457826134269785287543619965871243
837459216524316978619872534362985147145723689978641352456238791791564823283197465
491857623523619784867324195645982371389571462712436859954763218236198547178245936
921546738864732159573981462185423697742169385396857241417695823639278514258314976
714869523695423871823517694258741936371692485469385217936158742587234169142976358
638479215745261938129583647416928573583617429297354861961745382374892156852136794
892735461453216897761498253129643578547821639386957142918364725274589316635172984
576439812841527369923861745615983427497152638382746591139675284258314976764298153
147652389925348761863719524451936278398127645672584193584273916736491852219865437
915723864672148539348569127824915376561374298793286451459837612236491785187652943
253984617984176523176253894765398142421567938839412756317645289548729361692831475
372815964491367528658249371186452739245973186937681245569724813823196457714538692
746895321235741896981263475827954163354176289619328754198637542563482917472519638
421896573876135249935427681653214897192578364784963152317659428268741935549382716
864293715759481632312765894923516478178924356645378129237649581491857263586132947
534219867216478359789653124172386495398524671465197283843765912651932748927841536
482765319697231548315849627251384796839617452746592831128456973573928164964173285
348215976795684312216397548937546821824971653561823794473158269652439187189762435
248957136935146287716328945682435719479261853351879462863794521127583694594612378
724953681659184237381762594145328976867519423293476158576231849938645712412897365
924361875673285914518749623891437256267158349435926187142673598756892431389514762
468239175795841263312675498123596784846327519579184632631458927257913846984762351
293654178715829463486173259549267831168345792327981546834716925972538614651492387
129768453856234197734951682318476925297185364645329718563897241482613579971542836
149658372823197456657243981971864235264735198385912764416389527532476819798521643
489615723721943865356278491518462379942837516637159248163784952275391684894526137
531762948426198357987354126243871569675439281198526473369285714712643895854917632
274681539198375642356249817823416975619753428547928361461892753782534196935167284
143867295258943761769125483384216957691758342527439618812394576435671829976582134
264183975789256143351479268846532791975814326123697854497368512532941687618725439
384716592259438761761592843576149328132865974498273156647981235823657419915324687
578134962362759814419628537736591248194283675285467193651372489843915726927846351
487136925153982467692457138915274386348615792726398541531829674274563819869741253
286795341571834692439612578123976854894253167657481239342169785968527413715348926
548137269372496851169825437281379645753614928694582713435768192826951374917243586
628753491591684273347129568912476835786532149453891627869217354174365982235948716
719283456428765913365419827681924375974351268532876194857142639296538741143697582
815236497273849651496517832341795268987462315562183974654378129129654783738921546
715839642498126375326574918932615487164287539587943126851462793279351864643798251
758164293269783451341925786537649128924518637186372945473256819692831574815497362
879263145356471289142589673715824396964735812238916754587642931421397568693158427
943186275721935864658274391182563947495827613376491582567348129214659738839712456
745321689361789524892645137659178243128934756473562891514897362237456918986213475
536274198218396754497815236824961375179538642365427819752189463643752981981643527
261538749837649152945721638386175924524396871719284563478953216692417385153862497
628517394519643287734928516941875623385462971276139458467291835152386749893754162
473691285598327164612584973847953612126748359359162847281435796764219538935876421
547216938316985724289347156795823461823461597164759283658194372472538619931672845
457329681328416975961857432874631529293584167615792843739148256146275398582963714
782695314635421978941738625268973541597814236413256897154389762879162453326547189
186257394342619758759483261897345126215968473463721985938176542674532819521894637
957248613624351987831967452412596378395784126786123549568432791279615834143879265
382174569914526738657893241146985372835762914279341856761238495423659187598417623
376819254182354796549627831637582149298143567415976328823461975961735482754298613
475392618896471325213856947724683591159724863638915472941537286567248139382169754
651479328783261549492835617138524976246397185579618234867152493915743862324986751
128579436459836712367124598932617854675948123841352679294765381783491265516283947
638725914795314268142986357386572149579641823214839675923467581867153492451298736
195836247437295186268417359341628975752941638986753412874162593529374861613589724
897546132316289475452713968943627581281435697675198324529374816134862759768951243
146837529728695134593142678371486952965273841482519763219764385857321496634958217
546173289372849156918625743629738415457961832183254697861397524795412368234586971
251863479867941523439752168918637245572419386643285791785126934394578612126394857
756184932391752684824396715467831259189625473235947168642518397918273546573469821
483276519279351486516498732198724365734965128652183947921847653367512894845639271
326715498487639512519842367835167249271493856964258173153986724642371985798524631
761894325923561784458237916297458631586319472134726598615972843349185267872643159
471983625693425871258671394567142983149836257832597416384719562726358149915264738
734596128516482739928371564871264395249735816653819247485623971397148652162957483
532871964846539172179642538315794826468215397927386415793428651681957243254163789
273658491591324687486971253847193562359246718612785934928537146764819325135462879
723194586158236749649875231935687412267341895814529367492763158371958624586412973
391246785672589341584731629813957462765124938429368517936815274147692853258473196
379614825641852937258739146597146382836925471412387659783261594964578213125493768
375894612198652347264137859523476198641928735789513264937241586416785923852369471
974385162825691734316427895457819326168243579239756418642178953581932647793564281
371849265254376891968152374193468752785923416642715983527694138439581627816237549
264135897319784625758296134137468952695312478482579316576941283821653749943827561
394275681562138794178964352283419567916527843745386219637841925429653178851792436
634827519728951643591346827162489375359712486487563192975134268213698754846275931
396152748847963152521784963214537689765298314983641275432876591179425836658319427
947526813631987524285143679523691487196874235874352196718435962359268741462719358
324519768579486213816723594257198346941367852683245971165932487738654129492871635
283795416456182739917436285735624891198357642642819573871263954369548127524971368
254396817987251364613784925365127489198465732472839651531948276729613548846572193
721486935365729148849531276614297853958613724237845691476152389183974562592368417
697534128423781659185962437761328594932645871548179263316457982859213746274896315
197468532264315987853729164489536271521897346736241895378652419942173658615984723
857413269321869745496572381963751428712384956548296137184637592639125874275948613
168794532735682914942135876583416729619273458274859163496521387821347695357968241
134875629586291437792346185351782964849563271627914853918657342265439718473128596
653849172271356948489172356328415769514967283967238514196724835835691427742583691
279135468631824759548697132427318695183956274965472813356241987714589326892763541
562938147394175826187624953628547391471893562953261478235486719749312685816759234
813297654692145387475386192157639428946528713328471965731862549269754831584913276
674238159318495627925716483243957861851364792796182534537821946189643275462579318
386925471175463298429781563591247836648359127732816945913574682857692314264138759
651842739498713256732596841587321694963487512214965378845279163326154987179638425
651732489728469351943815726476251938835697214192384567564173892289546173317928645
461359728985127346732684519528916473176435982349278165654792831817563294293841657
372589164594162783816743952963214875241857639785936241128375496657491328439628517
159486723324571698768392154481735269672914835593268417916857342237649581845123976
792154683835769124641238597286471359357896412419523876173682945564917238928345761
487165239915832764236749851628493175394571628751628943162954387579386412843217596
286459317941273685537861942318592476795146238624738159473925861859614723162387594
573491826914862735826573149785236914431987652692145378269314587148759263357628491
264387591178295634395164287981726345437518962526943718812659473759431826643872159
853129674617543829942678315239457186574861293168932457791386542486295731325714968
147589623869123574235647819586231497924768135713954286372415968491876352658392741
634291785951387624872645139198524376327916548465873912286139457719452863543768291
245193687817426935936587124379862451561734298482915376724351869193678542658249713
687513924539842761142967385498376512216459837753128649365291478971684253824735196
241387956683195742597426318476813295325769481918254637139678524752941863864532179
756213894892654137143789256975126348264837519318495672437568921629371485581942763
475619382328754619916823754692478531547132968183596427264387195831945276759261843
457961382362478159981325764134586297596732841278194635715843926829657413643219578
395428176612357948847691235951846327463172859278935614184763592539284761726519483
316749258795682413248513976873154692564297831129368745482931567637425189951876324
329675814487123596615849237734952681862714953951368472248531769196487325573296148
843295617157436982629871345296783451781954263534162879415629738372548196968317524
813925746746813592925746381462538179179264853358179624531497268284651937697382415
419863572732514968568792134673281459985647321241359786354928617127436895896175243
728693145653241789491758263264935817589417632137826954312589476975164328846372591
425781396731296854698354271513672489847519632269843517376925148954168723182437965
486539712513762489729184365197658243634217958258493671965341827371826594842975136
143862579286579431957134862429317685375986214861245793734651928512798346698423157
256143987379682415814975632145326798738594126962817543581739264623451879497268351
658329174241867953739145862915438726463972518872516349384251697126793485597684231
168593427947821563523764819482937156395216784671458932254389671736145298819672345
295781346714263589638954721167825493823649157549317268456138972372496815981572634
246815793985763124317924685732489516859631247461572839674298351523146978198357462
934876215271395486856214379589142763347689152162753894628537941795421638413968527
387621459269453871415987362854236197926718543173594286738149625642375918591862734
784319652613852974529647183865431297291578346347926815176294538938765421452183769
829316475567498321431572689142935768683721594975864213794283156318657942256149837
541739682923186754687425391832514967715968423469273518256847139378691245194352876
613748952782569314945132786134275698879316245526984137358697421497821563261453879
176924538824531679953678124289417356347256981561389742615843297492765813738192465
897263154241578963653941728568719432129834675374625819736492581982157346415386297
573896412489521367216374589792185634351467298648932751137648925925713846864259173
413567298278943156965821473831256749594178362627439815749385621186792534352614987
963471528175328469248569371316984752492157836587632914851796243724813695639245187
724985163381246795695137284942851376163724958857369421576412839439578612218693547
837621594451987362269534187978215436125346879346798215783462951512879643694153728
619427835482635197735819264597143628823756419164982573358291746971564382246378951
741895623623741985859632471432168759597324168186957234378219546215486397964573812
429365781186927534753481926317698452945213867862754193278139645691542378534876219
439861257158972346762543918694357182875126439213489765346798521527614893981235674
745316982361298754928745631296473518153982467874561329637124895482659173519837246
269734518831695247475128639723851964194376852658942371917583426382467195546219783
318465729574219638269837514691724853423586197857391462936178245742653981185942376
198564237764923518532187469421358796876291345953476821315849672247615983689732154
138279465492615387576483291724368159915742836683591724867934512241856973359127648
384162975612975384597438261769213458238654719451897632175329846826741593943586127
239175486584693127716284539473859261195362748862741953351928674628417395947536812
736841592425379861819652347278916435561734928394528176642195783953287614187463259
459871326716253498283694571345928617621347859897516243578469132932185764164732985
514629873396478521872315694648137952935842716721596348167984235459263187283751469
574628139936751428812934567693147852125386974487592316341279685758463291269815743
457893126931462578628571394275984613394716852816235749782659431543128967169347285
271348659369715428548962713817459362923876145456231897185627934732194586694583271
859731462763824915241659873915468327627593148384217596192386754578142639436975281
468573291352941786179682435716294853295138647843756129584367912927815364631429578
915248763827613954436759128294371685368592471751486392542937816173865249689124537
571934268498526317236178549165249873729813456384657921853461792912785634647392185
519374682634928571278561943825419736347682159196735428952143867781256394463897215
275693481189245376364781259827459163651832947943176528792364815438517692516928734
795413286231876495468259137623187954159324678874965321946738512382541769517692843
864327519371659824925841376183295647596784132247136958619572483758463291432918765
296158374143297658587436219764982531932715846815364927671529483359841762428673195
856127943931456872427839615243971568679583421518642397784295136365714289192368754
152894673867351924349276851574689132921543768638127495786432519215968347493715286
548267913396184725271935864923518476187496532654372198819653247435729681762841359
923871465578694213614523879392186754756349182841752396135467928469218537287935641
736458192514629837982731546153964728849572361627183459398215674461397285275846913
754839612918726435362154978281697354435218769679345821596472183823961547147583296
365214879248379516719865423536127984871946352924538761182793645697452138453681297
562814379481937652793562841645723918178496523239185467316248795954371286827659134
859621734731495862624738519168953427495172683372846195913584276587269341246317958
264875193138249567759613248416597382975382614823461759682754931597138426341926875
264153897975428613318679254829714536537296481146385972492531768651847329783962145
873641295261895734459273681192786543786354129534912876925468317648137952317529468
374219658829456317615387492932845176168972534457163289746538921283691745591724863
423876519718495326956132487534721968679358241182964753891547632365219874247683195
413695827765382941892741563184267395256913784379458216931874652647529138528136479
269135847715948263483726591327489615951367428846512379598274136634891752172653984
376421598148695372529783461253964817694178235781352946462819753915237684837546129
419578326587623491326941578865712943231496857794385612652139784143857269978264135
864591723527643819391728546276834951439175682158269437983416275642357198715982364
397124856462598713518736429631957248289641537745382691173265984856419372924873165
368952741129476853475381296714563928832149567596827314643298175951734682287615439
146287395928345761375961248513726489684539172297814653762198534439652817851473926
125768349397514268648329751764852913219673485583941672831497526976285134452136897
375169248168324975294578631842791356951836724736245819629453187513687492487912563
284159736963487512157632489695741823418326975732598641879215364541863297326974158
352168794914372865678954213293846571865217439147539682489623157526791348731485926
684753921529641783173982645297465318431827596865139472748516239316294857952378164
175849623436752918289613475523978164641325789798164532957281346362497851814536297
589431627632975184741628359394857261267319845158264973815796432926543718473182596
526384719719652348843917256452796831167238495938145627685421973374569182291873564
831549627745126893926378145513682479274951368698734512462893751359417286187265934
752483619614975238938621754847362591295817346163549827386294175421758963579136482
785936124629541738134278695596487213378612459412359867967825341241793586853164972
431825967729364518658971234246138759583749621917652843175293486364587192892416375
976328415328514769514679283132945876765182394489736521251893647647251938893467152
719546238654283719832179546128967354496325187573418962941652873385794621267831495
279613485134578692568942317415297836893465721726831954352784169987156243641329578
817635249453129786692487513129743658365298471784561932238974165576312894941856327
928631457531874962674529138263485791785193624419762583396217845857346219142958376
217489563356712489948365712835624971624971835179853246791538624483296157562147398
658947132742813569139625874564798321817432695923561487491376258375284916286159743
712643598634598721598127346845716239329854617167932854983465172271389465456271983
784293516695871342213546897148629735529437168367158429471982653936715284852364971
687935241295641738314827956836274195452169387971583624148792563523416879769358412
958647123273189546461532879632895417589714632147263958824971365716358294395426781
942786531358421976167395248873612459214953687695874312486139725729548163531267894
518649723269573814473182569782961345935427186146835297691758432354216978827394651
295134768163872954487659231734285619629341587518967342951426873846793125372518496
821943576495176832736285941567819423284357619319462785952734168143698257678521394
971458362285936417346127985438592176769381254152764893824679531597213648613845729
754382619196475238832619457215938746683147592479256381548761923961523874327894165
521468973378912546946735218217394865439856127685271439192687354864523791753149682
413625987879314652256789431185296743934571268762843519547938126321467895698152374
418652397962137845573948126781324659246519783395876214159263478624785931837491562
623745891548196723719382546974621358235978164186453972467819235351267489892534617
934715826271846359685392741792584163468931572153627984317468295849253617526179438
263148759748569231195732684972485316531926478684317925857693142429871563316254897
157236894864759132923841675291367548578412369436598217745123986612984753389675421
618435927749261538235789416574628193196354782382917654423196875957843261861572349
154638927976125348823794516542813679719562483638479152461987235285346791397251864
381796254972854613465321978628537149154962387793148526816279435547613892239485761
869432175472951386531786492913564827647298531258317649125873964786149253394625718
745283691236591874918746523392418756467935218851627349123879465579364182684152937
745162983132978645869435721356219478971384562284756319613527894427893156598641237
143895267576213984289647153718562349625934718934781625362459871851376492497128536
921856374853274169647193528316925847475618932298347651532489716169732485784561293
326859714184376529597241638935684172618527493472913856843795261259168347761432985
561984732948237165723156498436825917189473256257619843314762589875391624692548371
851294673693157284724638159947815326512376948386942715435729861269581437178463592
852194637319267485467583192231876549675941328984352761593618274728435916146729853
261879453597634128843521697975142836324968571618357942752486319489213765136795284
416583279729164358583279461874912635195637842362845917238451796641798523957326184
193752486458916327762348519345179862926483175817265943631897254589624731274531698
652749138387561492194382765519876243738924651246153987871495326963218574425637819
648519732317642958259873641835761294962384517174925386791456823526138479483297165
385912674472386159196754832854679213769231548231845967523468791648197325917523486
816259437935174628247386591561723849472598316398461752159847263723615984684932175
274918635891563472356427198182795364937246851645381927513879246728634519469152783
278913456453876291169524873746195382392687145581342967817259634624738519935461728
562719348849632517713854692174583269925146873638297451391425786256978134487361925
738294561596318742241576983387145629612839457954762318879451236423687195165923874
672598143845731296913246785361875924259164837487329561534912678126487359798653412
152743869643589712978126534461235978589617423237498156324851697816972345795364281
243169857569278341781435269152947683837612495694853712926381574378594126415726938
958342671637195428142867935864719253315624897279538164721456389593281746486973512
538679214647281359912453786276598431493716825185324697854937162369142578721865943
945172368816539427732648159469857231127396584358214976573461892291783645684925713
197568432624319587358472169243657918579821346816943725461295873982734651735186294
467821953589437261132569487248395716715684329693712548374156892951278634826943175
961875234483962517257143896714589362625731948398624751572316489836497125149258673
543781692167329458289456317734618925956247183812593746478962531691835274325174869
581647932943528617627319845472965381839271456165834279258193764716482593394756128
879265413256341789413798526531487962942136857768952341324519678185673294697824135
824163957365749812179285364658432179732591486491678523587924631243816795916357248
861397542374125689592684713946731825753842196128569437489256371215473968637918254
132645897759823146648917352591462738263758419487391265924176583376584921815239674
831524967257689143649173852576932418924718536183465729315896274792341685468257391
437581269865392741921674583548269137396157428172843695254918376719436852683725914
584239716736851294219467385692183547157946832348725169873594621925618473461372958
679534218328716594154289367431852976582967431967341852213698745896475123745123689
487392615239561874615478392562137948174859263398624751856913427923745186741286539
368579412954182763712436598293745186875261934641398257126857349539624871487913625
127586943483297615965143872576921438841735269392468751619372584258614397734859126
236984571518376429974512683857261934192843756643795812329657148761428395485139267
794635128568721349132849756915276483326458917487193562653912874841367295279584631
871326945426159738935874621168793254259481376743265189514932867682517493397648512
489761253637925814215438796923617485746853921158294637594372168861549372372186549
519483627486279315327561948162798453948135762753624891894352176635917284271846539
378645921126397485549821367983476152614582739752913846231764598497258613865139274
265417893987365214314928756142586379738249561659731428873692145426153987591874632
674182953239645178158739462895371624462598731713426589327964815981257346546813297
861739524245816937973452186612345879394287615758961342186574293527193468439628751
245731869371869524698254713859612437423597681167483952532946178784125396916378245
935428617482761395617935428563894271248317569791256834124573986356189742879642153
926317548154829736837456291215934687348675912679281453593162874782543169461798325
719265384325784916648193725437619258196852473852437169973526841584371692261948537
712856493965324781438197625176538249284719536593462817849673152357281964621945378
895423716367981254421756938184395627539267481276148395948572163753619842612834579
847693521162584379953172684324817956615429837789356412591268743236745198478931265
735961248849732156261845973487159632192376485653284791924518367318697524576423819
379126485186549732254387619512734968867951324493268157935412876641875293728693541
397241658562893417814756239953128746641379825278564391485937162726415983139682574
483261957257489136916537284631925478524378619798614325179842563342756891865193742
678231495319584726425967813742896531153742968986315247537129684894673152261458379
652813794189574326374926518416257983237489165598361247841732659963145872725698431
395671284176824359482395671253748916968132547714569823829416735547983162631257498
367291485981543276245768139429657813718439652536182794653874921892316547174925368
856237194137694528429851763745186239963542817281973645674328951392715486518469372
317456982689172435425893716932647851741285369568931247896714523154329678273568194
589412673362578491471396285734681952128954736956237148243869517615743829897125364
135862479428579613796341825517234986843916257962758341279183564354627198681495732
174839256268415739935267148651324987327198564849576321712683495496752813583941672
736182945412569873895473621689731254174925368253846197348697512567218439921354786
453128796167594328982637145871953264526841937349276581634719852218365479795482613
126538497395764218487291356749386521218459673653127849562913784871645932934872165
127658934386749125594132786839561247461327859275984613612475398748293561953816472
317625948629748513845139672254917386978263154136584297581372469462891735793456821
193274856582196473764358291816425739439867512275913648658739124927641385341582967
293654817485271936671983254749318562356427189812569473937145628164832795528796341
146387592523649718897251634674815329285963147931724856752438961418596273369172485
749361825856942371213875649538497216972136584461528937624753198387619452195284763
361985427752614938894732516548267193273591864619348752136479285927853641485126379
734269185651847293829513746567192834492378651318456972985631427246785319173924568
519372648287946351346581927852637419631429785794158263423895176968714532175263894
375426981146798352892513764723659148689142573451837629964385217538271496217964835
623718549149325876758469132412583967867192453395674218936251784271846395584937621
651728493237649851948531627365412789782396514194875236426983175879154362513267948
793682451851439762624751389279845613365217948148396275436528197517963824982174536
473682519619435872582719364967154283245368197831297645196573428754821936328946751
286495371957631248431728965549283617128976453673154892712369584365847129894512736
571346892963128574482975613356281749794653281218497365625814937139762458847539126
715469283496382751832157946549271638371846592268593417957618324124735869683924175
184536279793821564265794183826953417941687325537412698379165842412378956658249731
251937684643258179798416352879125436462379815315864297924783561537641928186592743
174532698659148732238679514516784923397216485482953176763421859841395267925867341
429361785315287694867549123548916372193472568672835419734698251956123847281754936
168253749579814326243976815427635981915487632836192457392741568751368294684529173
437915268196428357528763149361592874789341625245876913813257496972634581654189732
487156293531279648629384517745623981168495732293718456856932174912847365374561829
458716239726593148139482567871624395395178624642935871584269713967351482213847956
724851693658239471139476825572183946986745312413962587267398154845617239391524768
736851429452369187198472653274586391813927564569143278321795846687214935945638712
123956487689724315547831692954617238862493571371582946736248159215379864498165723
895124376273586941461397852914853627682719435537462198329678514756941283148235769
389746521261853974547219683695137842438962715712485369853624197926371458174598236
365817294497235618281946753524769381638521479719483562156392847943678125872154936
485136279276589413913742586539814627728653194164297835692471358351968742847325961
167832459352649187498715362543198276819267543726354918984526731271483695635971824
182469357635872941794135862961357284348216795257984613413628579879543126526791438
942138675756294138318657294231546789465879321897321546583412967629785413174963852
932485671847196523561327894186254739275639148493718265359862417614573982728941356
736524891859137264241698735572943186498261573163875429384759612927416358615382947
426917853581362947397548612879451326243786591165239478614875239732694185958123764
489267315621453798375981264918742536764538129532196847153674982247819653896325471
352189467479356812861472539648735921523891746197264358934628175215947683786513294
769843125481725396325619784152934867937186452846572931613458279294367518578291643
637891524821547369954623718795216483186354972243789651379168245568432197412975836
291845673783916524546237819169524738452783961378169452815472396934651287627398145
691852437438167295572349681364281579925673814187495362743928156219536748856714923
346715298792638145185492736513289674879564312264371859437856921958127463621943587
916352487385174269724869351831497526567231894492586713178945632243618975659723148
174329685965718423238564917346275891827691534591483276619847352752936148483152769
842315967759426183631987542598271634367854219214693875125738496976142358483569721
524837691361249578987165432749513286652984317138672954416358729273491865895726143
953471826627358491148269537361842975895617243472935168239586714514723689786194352
213659874764218395589374621428795136671832549395146287132967458857421963946583712
653829147948317652712654398479132865185946273236578914364295781591783426827461539
472139658853674129619852374748926513931547286526318947267495831384261795195783462
418576923635829471792314856324795168971268534856143792587631249243987615169452387
498715326357462198162893745586341972231679854974258631645987213713526489829134567
836947251257831496149256837785412963914683572362795184621579348578324619493168725
631429857542378169897156432785941326324567918169283574258634791976815243413792685
824371659176925348395468127681743592953812476742659831437286915218594763569137284
934125678682793154751864392213687549876459231495312867549238716368971425127546983
948725136526931784713648295179463528834512967265879341691387452382154679457296813
791532468482671593563498271237146985654829317819753624376985142145267839928314756
298713465571964328346285917412398576657421893839657142925136784184572639763849251
768492531194835267235176498847563129312987654956241873683754912529318746471629385
597236148183574962462918375648325719975461283231897654356149827819752436724683591
416893257298567314573412986924378561651924738837651492165749823789236145342185679
819367245235849176746152398923518764467293581581476923378625419694731852152984637
743869125168452739925317468814925376572643981639178542386594217457281693291736854
329417685865932174147685329471396258293158467658274931982561743516743892734829516
692385147745261893813947526178526934924713685356498271431859762587632419269174358
219746385785329461463518792546973128378251946921864573854192637637485219192637854
185436792349287516672159384917523648453861279268794135796345821834612957521978463
253416798861729543479583612618375924924861357537294861786942135392157486145638279
745269138896143257123578694687451329512397846439826715274635981368914572951782463
482397165569214378173685294624839751718452639935176482347928516291563847856741923
961348572852796341374125698693482715215637489487519236729853164138264957546971823
724198365319576482865423179678914253153862794942735618296357841587241936431689527
468259317751643928239187654174938265593426871682571439317892546946315782825764193
412857369956423817387961452174392685865174293293586741641739528539248176728615934
286349517435721968719685423528413796967852341143967285652134879894576132371298654
126394578583127649974856132652971384498532761317648295745283916231469857869715423
381765249794213685562984713276849351913652874458371926825196437647538192139427568
591438726378962451426175398762514983935827164184396572259643817847251639613789245
658739241234861759179542836783195462465283197912476583347618925826957314591324678
798263145461785293352491768843127659627859431915634872179548326586372914234916587
491375862756182943328469715817236594963754281542918376179543628285691437634827159
648792351275631849391458276582317964167249583934586127816975432753124698429863715
794682315815793642623145798386957124571428963942361587459836271267514839138279456
275869413948321657163574829397456182452718396816932574721683945539147268684295731
531924678796518432482376951859162743643897215217453896124639587378245169965781324
741936852368452719295178346514697283829341567673285194432519678186724935957863421
347596281521478693689123574174852936296317458853649712418765329732984165965231847
257143986634928157819576324973264815485317269126859743348691572561732498792485631
492831576178652943563947821746529138231468759859173264385716492617294385924385617
249671538618354297375289641563127489821945376497836152784562913952713864136498725
147593826853672914296841375469328751738154269521967438384215697975436182612789543
481763259623958741795421683246589317379146528518372496954617832162834975837295164
653482791842197635179365284497816523516239478328574169234658917761943852985721346
631825794584179632927436815462598371875613249319247586146782953753964128298351467
614937258578264139239851476392175864145683927786429315957342681463718592821596743
759286143864931257132475896597842361213697584648153729981324675476518932325769418
924835167831647952657219834283961745149752386765483219596128473378594621412376598
736452918859761243421839576578926134364518792192374685283195467617243859945687321
632954187519687324487123695123895746856472913974361258345719862761248539298536471
724936518318457962569182437851349276492761385673528194185273649237694851946815723
564319827381427569792856314253691478416785932879234651137968245648572193925143786
723954681564871923819623457375186249486392715291745836637218594948537162152469378
135784296679132584824956371286475913743291658951368742317829465598643127462517839
291364857574298136836157942345782691617549283982631475728413569169875324453926718
914578326382961475675423819456387291829614753731295684548132967293756148167849532
617495823284317965539826471491632758358749216726581349173268594945173682862954137
254763819631298574897154263178925436329846157546317928483572691962431785715689342
395782416168453972427916538832674195719235684546891327954327861281569743673148259
725184369698237415314569782461398257287645931953721648139452876876913524542876193
658413729349257618172896453487561392921734586536982174795348261264179835813625947
926458731834217659751639824413725986582946173679381542147593268268174395395862417
459213876783965412216478359825691743631754928947382165568137294372549681194826537
564813297317962485298547361926358714183274956475196832652489173841735629739621548
574193862316278495892546371153869724948327516627451938481932657735614289269785143
169235748437681952285479163694817325872356419513924876728543691346192587951768234
325716948169348527478529631842693715631257489957481362294165873786932154513874296
367498215125763894489521673746285931592316748813974526231859467954637182678142359
325948167796351824481672395153287649679134258248596713864725931917463582532819476
459821376871936245326547819647185923932764158185392764718653492263419587594278631
421936578536278149897514326783169254652843917149752683315687492968421735274395861
841327659697548321523961874275193486934876215186452937712639548359784162468215793
634281795259347168817695243192463857578129436463578921726854319941736582385912674
826549137731268954945173826293456718468731592157892643614385279579624381382917465
874619523591342678362758914429875361758163492136924785643291857287536149915487236
847315296396842571125697384752168439614739852983254167239571648578426913461983725
146927853289513674753864291625149387374658129891732546438296715912375468567481932
249351768836742519175869432923586174458127396761493825597218643614935287382674951
342698517518347629967125348893271465156934872724586931685713294231459786479862153
234987516819356742567412893642135978781269354395748261126593487978624135453871629
219563784765948132483721965196472358547839621328615479931287546854396217672154893
674921358593748126182365479351874962267539814948612735815297643439156287726483591
954162783612783594387594261846921357129357648735648129563419872291876435478235916
689512743413867592527394618954273861731986254862145379395721486176438925248659137
816934752953217864274658913439786125562149378187325649625873491748591236391462587
473918256128635749569724183935471862741862935286359471312547698697183524854296317
391745286827916453456382917249153678518467392673298145764539821135824769982671534
275683491348591276961724583426157839857369124139842657613278945584936712792415368
934271856781465923265398417142837569653149278897652341379526184428713695516984732
192687453634159278875342619283465197567891324419273586326718945948526731751934862
948721536576934128231685497863172954192458763457369281729843615314596872685217349
157249836432568971968317542649831257813725469725694183386952714591476328274183695
182476395695831472473925168829613754346597281517284936738162549951748623264359817
428965317651387294937421586792148653516793428843652179365279841274816935189534762
981543627672891354435762918358614792169287435724359861517436289293178546846925173
734692158618345279259781634345827961172469385896153742481936527923574816567218493
873916425145832976296475183621783549489251367357649218534167892712598634968324751
245319768678524193391876245453962871967138524182745936526487319814293657739651482
817265934352489761964713852283957416645831297791624385529178643436592178178346529
431978562576342891829156347214597683753861429698234175145789236962413758387625914
715862439293574861864139275952483617637291548481756923326915784179648352548327196
398614725274395618156287493481523976635179284729846531517432869842961357963758142
623841579857629134491375682714586293936712845582493761148237956369158427275964318
147862593523194876968735214291657438375948162684321957816479325432516789759283641
637142589452839671189657324793215846518496237264783195346921758921578463875364912
312596784965478231487213596598631427726845319134927865271359648653184972849762153
723516948685249173149783625462958317571432896398671452237894561854167239916325784
725349168816275394349168275693827451278451936154693827467912583582734619931586742
156849723982753461374126859648397215231584976795612348823461597519278634467935182
195783462682451397743629158827165934456932781931874625279318546514296873368547219
256439178941867532783251469537124986892576341614398257465712893329685714178943625
963851724874239615512764398759128436238645971641973582187496253326517849495382167
156839427927641583348752196632417859789265314415398762264583971571924638893176245
137654289498327165256981374324896517815743692769512438571269843942138756683475921
761923845843751269259864137527496381918372456436185972194637528685249713372518694
329841765845967213617352489956483172734219856281576394573194628468725931192638547
387621495491857632625394781862149573714235968953768124279513846538476219146982357
645923817382617945917854236173289654594176328826435791238741569459368172761592483
941362875872549361563718492284936517395174286716825943129683754638457129457291638
721569483985234761634781259249176538573948612168325974496853127352417896817692345
923564718658271439147938526532197864769842153481356972814625397376419285295783641
275439816863125749941687352329716485614598237758243691436952178192874563587361924
413286579287359146659714328142638957576492813398571462865947231731825694924163785
869327154257641893413598627528163749634759218971482536342875961185936472796214385
218563749547219386396784521965832174423157968871946253132478695689325417754691832
215798643948563127637412598369251784471689235852374961783126459124935876596847312
854391726316752948297486351532674189648129573179538264465213897921847635783965412
738529614196437285542186397865213749419768523327945168651874932983652471274391856
153274689764983215298615374542731896917468532386529741429357168835146927671892453
958362147714589326236471985672193854841657239593824761365718492427935618189246573
391672458468935712275418963746321589823569147519847326932156874654783291187294635
298517346314286597567349218859123674672954831143678925486792153931465782725831469
581329476672548391934671582356417928819263745247895613163784259795132864428956137
173942568859637142426158739981526473735491826264873915592764381648315297317289654
714532896689471253325896741136725984247689135598314627872143569953267418461958372
352461798476298531189357264825914376764523819913786425637849152241635987598172643
316975824248613579579284361965342187831769245724851936653498712492137658187526493
547321698863579214219468537194732865685194372732856149976215483421983756358647921
846379215321856749579142638987235164613984572254761983735698421462513897198427356
378916524962845137145723698437259861591368742826471953214597386689132475753684219
925384167136957284784261395849572613513846729267139458472698531658413972391725846
473295681268741935195386427354678219981532764627914853536429178719863542842157396
251347896639581724847962351462875913783219645915436278178624539526193487394758162
875249163143657982926831457369725814517384296284916735492568371638172549751493628
824793651976581432315624978591236784637849125248175396489362517162957843753418269
834675192972831564561429873489157236216348957357296418645712389793584621128963745
283967415794315268156482379329146587845279631617538942971653824538724196462891753
861372459435619872729584361246738195397451628518926743982167534654893217173245986
354182796819576432762934185241695873637248951598713264186327549423859617975461328
426571389519328647387964512245697831971835264638412975162789453753246198894153726
386217945475869231912354786253681497648975123791432658869143572534726819127598364
137962584482135967956784312728316459349528176561497823694251738813679245275843691
948172365162853479357496812574261983891534726236987541785629134423715698619348257
572693481416528397893714265758241936231869574964357812127985643649132758385476129
249168753758324916316795248425836197937241685681957324194573862863412579572689431
612359478385647921497812536738961254956274813241538769864723195123495687579186342
432179568791568243865432917917843625624715839358296174283654791579321486146987352
578264931124539876963718245687453129215697384349182657836975412451826793792341568
896512743175843629432769851281674935967235184543981267328157496759426318614398572
536928741912457638748631295267395184851274369394186527125843976473569812689712453
193275864826349571457168293674832159389516427512794386968423715231657948745981632
256439187749618235183752469871925346924163578635874912598347621362581794417296853
739854126142796853865132749624913578378265914591478632987341265253687491416529387
674128539321569748859437162768391425295846371413752986587613294946275813132984657
518274396269358471473169528621837945347915862895642713134786259956423187782591634
762913485348765912951428673436852791519347826827196534284671359675239148193584267
954137628673258194182649357497361285835792416216485739768923541349516872521874963
681723594935146827472598163254671389763859241198432756826314975347985612519267438
412385967539647182786291543395124678621578394874963215158436729267859431943712856
179648325456312987382759641298431756637285194541967832863124579725896413914573268
281356749594187623763492185849615237312974568657823914928731456435269871176548392
659821374483976251271435896962148735534792168817653429745319682128567943396284517
953261748674385129128947635249856371815473962367192584531628497792534816486719253
476851239935762184218349657193284765762135498854976321587423916349618572621597843
